Sample	percent_duplicates	percent_gc	avg_sequence_length	percent_fails	total_sequences	per_base_sequence_quality
HO301_R1	60.9	46.0	60.5	50.0	128181.0	pass
HO301_R2	58.5	49.0	87.7	40.0	128181.0	warn
HO302_R1	74.7	40.0	66.7	50.0	220212.0	pass
HO302_R2	61.8	43.0	80.1	40.0	220212.0	warn
HO304_2_R1	93.0	51.0	123.0	40.0	23406897.0	pass
HO304_2_R2	93.0	51.0	128.3	40.0	23406897.0	pass
HO304_R1	91.3	31.0	122.4	30.0	8395966.0	pass
HO304_R2	90.0	31.0	129.0	30.0	8395966.0	pass
HO305_R1	69.8	47.0	51.9	60.0	171557.0	fail
HO305_R2	56.7	48.0	80.8	50.0	171557.0	fail
HO306_2_R1	89.5	28.0	119.2	40.0	15206545.0	pass
HO306_2_R2	90.4	28.0	123.8	30.0	15206545.0	pass
HO306_R1	86.7	33.0	113.4	40.0	761004.0	pass
HO306_R2	86.8	34.0	123.2	30.0	761004.0	pass
HO307_R1	81.3	36.0	69.8	40.0	354570.0	pass
HO307_R2	70.8	38.0	76.3	30.0	354570.0	pass
HO308_R1	63.1	45.0	60.6	50.0	89137.0	pass
HO308_R2	57.8	47.0	88.0	50.0	89137.0	warn
HO310_R1	86.0	33.0	107.3	40.0	424517.0	pass
HO310_R2	81.1	35.0	118.3	40.0	424517.0	pass
HO311_R1	68.5	37.0	85.2	50.0	387917.0	pass
HO311_R2	63.1	39.0	101.4	50.0	387917.0	pass
HO315_R1	79.2	50.0	58.9	50.0	970537.0	fail
HO315_R2	75.8	48.0	84.6	40.0	970537.0	fail
HO316B_R1	89.7	54.0	43.9	50.0	783830.0	fail
HO316B_R2	64.6	49.0	71.4	30.0	783830.0	fail
HO317_R1	63.5	44.0	71.6	50.0	224658.0	pass
HO317_R2	52.1	45.0	91.4	40.0	224658.0	warn
HO318_R1	92.2	26.0	119.0	40.0	542797.0	pass
HO318_R2	92.1	28.0	130.0	40.0	542797.0	pass
HO319_R1	77.1	49.0	59.0	50.0	949203.0	fail
HO319_R2	74.2	51.0	83.1	50.0	949203.0	fail
HO321_R1	95.9	48.0	125.5	40.0	35506358.0	pass
HO321_R2	95.3	48.0	132.5	40.0	35506358.0	pass
HO322_R1	64.8	47.0	53.2	60.0	108334.0	fail
HO322_R2	54.9	49.0	81.4	50.0	108334.0	fail
HO323_R1	89.4	46.0	57.1	50.0	1282214.0	fail
HO323_R2	67.2	46.0	77.2	40.0	1282214.0	fail
HO324_2_R1	85.1	37.0	64.7	20.0	1783267.0	pass
HO324_2_R2	86.3	43.0	80.5	50.0	1783267.0	fail
HO324_R1	91.0	26.0	118.7	40.0	431838.0	pass
HO324_R2	91.2	28.0	129.5	40.0	431838.0	pass
HO326_R1	86.2	37.0	64.9	20.0	1801725.0	pass
HO326_R2	87.2	43.0	80.5	50.0	1801725.0	fail
HO328_2_R1	90.6	46.0	113.6	40.0	38518443.0	pass
HO328_2_R2	91.3	46.0	116.6	40.0	38518443.0	pass
HO328_R1	91.5	31.0	124.7	30.0	6180997.0	pass
HO328_R2	89.9	31.0	130.9	30.0	6180997.0	pass
HO332_R1	91.7	31.0	122.7	30.0	9530561.0	pass
HO332_R2	90.6	31.0	129.1	30.0	9530561.0	pass
HO333_R1	94.4	31.0	126.2	30.0	15523719.0	pass
HO333_R2	93.7	32.0	132.8	40.0	15523719.0	pass
HO334_R1	63.4	44.0	66.8	50.0	92685.0	pass
HO334_R2	58.4	46.0	90.1	40.0	92685.0	warn
HO335_R1	93.3	32.0	123.8	30.0	15389765.0	pass
HO335_R2	93.3	32.0	130.9	30.0	15389765.0	pass
HO337_R1	67.5	44.0	62.1	50.0	126615.0	pass
HO337_R2	57.9	45.0	83.6	50.0	126615.0	fail
HO338_R1	94.8	49.0	124.3	40.0	12873571.0	pass
HO338_R2	94.2	48.0	131.5	40.0	12873571.0	pass
HO340A_R1	71.8	43.0	68.7	50.0	634040.0	pass
HO340A_R2	61.5	44.0	88.6	40.0	634040.0	warn
HO340B_R1	69.8	46.0	56.0	50.0	132231.0	pass
HO340B_R2	54.2	48.0	82.0	40.0	132231.0	warn
HO341_2_R1	88.8	28.0	118.9	40.0	15358132.0	pass
HO341_2_R2	89.4	29.0	123.7	30.0	15358132.0	pass
HO341_R1	81.8	34.0	104.4	40.0	360057.0	pass
HO341_R2	73.7	35.0	115.5	40.0	360057.0	pass
HO342_R1	70.1	48.0	51.6	50.0	110793.0	warn
HO342_R2	51.0	49.0	80.2	50.0	110793.0	fail
HO345_R1	79.2	33.0	104.1	40.0	668017.0	pass
HO345_R2	76.7	34.0	116.9	50.0	668017.0	pass
HO346_R1	67.3	47.0	59.7	50.0	142747.0	pass
HO346_R2	50.6	47.0	82.5	50.0	142747.0	fail
HO347_R1	97.6	41.0	124.9	40.0	8114481.0	pass
HO347_R2	97.2	42.0	132.4	40.0	8114481.0	pass
HO349_R1	94.2	49.0	122.8	40.0	10836731.0	pass
HO349_R2	93.0	48.0	130.4	40.0	10836731.0	pass
HO351_R1	67.0	46.0	64.4	50.0	213769.0	fail
HO351_R2	67.5	48.0	87.2	50.0	213769.0	fail
HO352_2_R1	85.9	36.0	65.8	20.0	1889205.0	pass
HO352_2_R2	87.3	42.0	80.4	50.0	1889205.0	fail
HO352_R1	91.4	30.0	92.9	40.0	939261.0	pass
HO352_R2	83.3	32.0	104.5	40.0	939261.0	pass
HO353_R1	89.3	28.0	118.5	40.0	12393609.0	pass
HO353_R2	90.5	28.0	122.9	30.0	12393609.0	pass
HO354A_R1	95.9	42.0	120.9	40.0	3435707.0	pass
HO354A_R2	96.0	42.0	129.4	40.0	3435707.0	pass
HO354B_R1	93.8	31.0	125.6	30.0	12951491.0	pass
HO354B_R2	93.1	32.0	132.1	40.0	12951491.0	pass
HO359_R1	87.1	50.0	48.4	50.0	510214.0	fail
HO359_R2	63.0	48.0	68.5	40.0	510214.0	fail
HO360_R1	63.1	39.0	87.4	40.0	72300.0	pass
HO360_R2	57.2	42.0	110.8	40.0	72300.0	pass
