chr	start	end	strand	pvalue	qvalue	meth.diff
OX371314.1	1602198	1602198	+	0.000180289239101396	0.00652173958898994	-17.0616094226176
OX371314.1	26414334	26414334	-	0.000686506684762332	0.0165512115826835	-15.485388318857
OX371314.1	26414528	26414528	+	6.59344221406664e-09	1.6825095349439e-06	-30.2853037766831
OX371314.1	28559115	28559115	-	1.70822189957141e-06	0.000199954268702651	-19.5882461311717
OX371314.1	32646628	32646628	+	0.000277071130007191	0.00873333183508384	-12.3244080041282
OX371314.1	32681442	32681442	+	0.00235755335139615	0.0376869471233682	-22.1929045571577
OX371314.1	55677959	55677959	-	3.36214633648765e-05	0.00188544362244275	-17.2628144231961
OX371314.1	55677965	55677965	+	5.08837648110122e-05	0.0025769199042738	11.5850476124826
OX371314.1	55678107	55678107	+	0.00323995590955874	0.0470074591004159	12.7374033190659
OX371314.1	55678108	55678108	+	3.6868412380109e-05	0.00203398433917109	19.7959919358069
OX371314.1	67380217	67380217	-	0.00232419623645609	0.0374672739629861	22.8997875170591
OX371314.1	86542892	86542892	+	1.55674296433773e-05	0.0010501035572989	-18.8121776116267
OX371314.1	91198929	91198929	-	0.000192731997649873	0.00685137717072655	-15.4310830609715
OX371314.1	91198957	91198957	-	0.00211761375024726	0.0350819658334645	-12.3072591822592
OX371314.1	105877487	105877487	+	0.00167218538503617	0.0304117133667173	12.2038784067086
OX371314.1	105877513	105877513	+	0.000648115288972346	0.0160037935903441	10.5266887104393
OX371314.1	105877552	105877552	+	0.000520882779356111	0.0137944348094538	10.6800457416012
OX371314.1	105877644	105877644	+	4.79968854070511e-06	0.000414689577856588	-18.9655593005338
OX371314.1	133892319	133892319	-	0.000496229809614831	0.0132804496113568	-33.0305093400281
OX371314.1	142773109	142773109	+	4.75772393354711e-08	9.43465862279001e-06	-15.1617873651772
OX371314.1	194088774	194088774	+	0.0025827853609275	0.0401418515466967	-12.2241086587436
OX371314.1	194088824	194088824	+	0.000334938477223818	0.010014119338653	-14.3581081081081
OX371314.1	194088976	194088976	+	0.00140765296896981	0.0270270961270495	-17.4789915966387
OX371314.1	320484158	320484158	-	0.00207017911292164	0.0346272393140022	-10.542885336491
OX371314.1	335322386	335322386	+	0.00280681864026752	0.0423442695787202	-10.9907448071699
OX371314.1	343900045	343900045	+	2.20744196047676e-05	0.00137883950709102	-29.7376817658751
OX371314.1	343900072	343900072	+	0.000732493682647624	0.0172788943386407	-23.6663492761054
OX371314.1	345780752	345780752	-	2.83151340770155e-05	0.00167640470446881	-21.5686096867129
OX371314.1	348043703	348043703	-	0.0020204910418019	0.0340619300514322	-38.5708628214085
OX371314.1	355142277	355142277	-	0.000268068528829843	0.00850946222292747	-16.636000404084
OX371314.1	367008014	367008014	-	0.000133240263161455	0.00519670513398544	-20.738085040003
OX371314.1	386411510	386411510	-	1.9032189014581e-07	3.10150447977217e-05	-10.7178340784898
OX371314.1	386411692	386411692	-	8.84458612266676e-06	0.000658576354255952	-10.5034722222222
OX371314.1	387345371	387345371	+	0.000384212854146643	0.0111040959649291	11.3128986534373
OX371314.1	387345532	387345532	+	0.000198746514197073	0.00697757180050838	16.0970231532525
OX371314.1	393228697	393228697	+	0.0035054339498969	0.0496097590987924	-13.7071006670401
OX371314.1	395515177	395515177	-	0.000539779391337016	0.0141694764209226	-22.6086231340172
OX371314.1	400688235	400688235	+	0.000599793664251165	0.0152346300479029	-24.1896939513214
OX371314.1	403600635	403600635	-	0.000212143427402437	0.00724415254936543	-27.2679142993713
OX371314.1	404041471	404041471	+	1.2097059241927e-10	4.32839633082569e-08	20.9825097120821
OX371314.1	423624009	423624009	+	0.00279293405494584	0.0421829164438802	-10.0746423139044
OX371314.1	435982285	435982285	+	0.00299816520280211	0.0445168992150672	-10.005157638595
OX371314.1	438866394	438866394	-	7.59583780868965e-09	1.86597544547805e-06	-31.9640452340104
OX371314.1	439456801	439456801	-	0.000788875220752565	0.0180837675055514	10.07434579825
OX371314.1	442459686	442459686	+	2.84668013445881e-05	0.00168235837914278	-18.1869218500797
OX371314.1	457894405	457894405	+	0.00207376004251089	0.0346519210376787	-15.0757346701909
OX371314.1	463609801	463609801	-	0.00169012980865322	0.0306028041284192	-11.8170785525154
OX371314.1	463609832	463609832	+	2.38474233979091e-05	0.00145642369946038	-24.8699044011544
OX371314.1	469775942	469775942	-	1.99965170737094e-06	0.000223893800290007	15.7931757724575
OX371314.1	470942307	470942307	-	5.97180523723029e-06	0.000485384218899573	28.3233187521031
OX371314.1	470942574	470942574	-	0.000515932791786867	0.0137074561560518	12.3962267862764
OX371314.1	471520358	471520358	-	0.000270033392600178	0.0085471076432048	19.1365777080063
OX371314.1	483518081	483518081	+	3.01901205708059e-06	0.000309595653694188	14.1650792157601
OX371314.1	492750380	492750380	-	1.0711864025486e-17	1.35620937845658e-14	-32.423594857705
OX371314.1	492750411	492750411	-	0.000120195987239733	0.00486071999652101	-20.3098065216081
OX371314.1	498377182	498377182	-	9.12895798309437e-08	1.63860332961347e-05	-10.2247191011236
OX371314.1	518575135	518575135	+	3.85372569345478e-05	0.00210132927819996	-17.0193378556242
OX371314.1	528465429	528465429	+	0.000354167831345286	0.0104187127807491	-14.4686281460475
OX371314.1	528465499	528465499	+	0.00133718709889713	0.026123256382659	-11.1979431829753
OX371314.1	528465603	528465603	+	0.000193536460103458	0.00686514725501132	-12.9003873940884
OX371314.1	529361088	529361088	-	1.2006835753419e-06	0.000147933307098867	-34.3971832893222
OX371315.1	3966171	3966171	-	0.000243815668055105	0.0079386287976778	-18.4103062712688
OX371315.1	24470534	24470534	+	0.000200803970709101	0.00700754936218013	-11.2254305417266
OX371315.1	32139653	32139653	+	0.000960978401414104	0.0207337619184096	-11.5507685872634
OX371315.1	42302756	42302756	-	0.000108013748125536	0.00452943904888145	-17.9104641378308
OX371315.1	42302759	42302759	-	6.08397336218505e-07	8.4861429062595e-05	-20.2916678430727
OX371315.1	45022571	45022571	-	0.00100256441145786	0.0213057048543117	-16.5238511609832
OX371315.1	55609418	55609418	-	0.000124522643282592	0.00496854723058194	-12.4018644214483
OX371315.1	55609433	55609433	-	0.000596952355263054	0.015185896436175	-31.1017110492373
OX371315.1	78968431	78968431	-	0.000125002228896904	0.00497562094632842	-13.7688433402029
OX371315.1	78968484	78968484	-	3.99898859307109e-12	1.80327659222746e-09	-11.5880557175194
OX371315.1	140122353	140122353	+	4.46224274233262e-06	0.000396996344513549	-22.9227298942076
OX371315.1	145035274	145035274	-	1.64984729291045e-08	3.59668034235207e-06	-12.9411764705882
OX371315.1	145035276	145035276	-	2.56371051525571e-05	0.00153440969989049	-18.2051887665443
OX371315.1	147171637	147171637	+	0.000267151120914213	0.00848852604267191	-21.9883241758242
OX371315.1	230952640	230952640	-	1.77622422820865e-05	0.00117174277443044	-20.1634727659867
OX371315.1	233648054	233648054	-	0.00196363637759266	0.0334571533613488	-13.7791380177763
OX371315.1	245254304	245254304	-	7.33961994886611e-07	9.93710920235307e-05	-21.3423928674144
OX371315.1	373107542	373107542	-	0.000811491812971288	0.0184735725186949	-14.2939543995211
OX371315.1	377822131	377822131	+	6.07066524740755e-08	1.18245499675961e-05	-36.9407166872611
OX371315.1	396068952	396068952	-	2.40620011774792e-05	0.00146409588052951	33.1831555172516
OX371315.1	396069011	396069011	-	0.00312424135068613	0.0457695395984902	16.1400058468653
OX371315.1	396069012	396069012	-	7.30945865861959e-08	1.38570757911717e-05	17.3496804486761
OX371315.1	396069102	396069102	-	9.86125207252283e-06	0.000716586955908583	-28.1288889973402
OX371315.1	396069105	396069105	-	0.00171163567713029	0.0308607267809605	14.8389383126405
OX371316.1	1755210	1755210	-	9.31466213790263e-05	0.00403980470758149	12.1851557878602
OX371316.1	10639252	10639252	-	0.000243736021400081	0.0079386287976778	-27.0812712238651
OX371316.1	10639293	10639293	-	0.000500366216145348	0.0133694121375999	-16.2122431294875
OX371316.1	46578964	46578964	-	0.00126031488201255	0.0250375365428663	-17.8817261235025
OX371316.1	80276423	80276423	-	0.000136192103912868	0.00528677851973775	-31.0237977477663
OX371316.1	80276629	80276629	+	1.01852772750724e-05	0.000735263578771703	12.1700257864521
OX371316.1	90826456	90826456	-	7.22411551644493e-05	0.00334273375989657	10.4882970137207
OX371316.1	90826484	90826484	-	0.00161423948054611	0.0298020419308496	10.4412912706066
OX371316.1	90826544	90826544	-	6.31748355982687e-06	0.000503900850337294	13.3810792005566
OX371316.1	90826670	90826670	-	0.00109138517738156	0.0225668024862805	10.5048577376822
OX371316.1	99382254	99382254	+	0.0010202196235589	0.0215418301676053	-19.3720565149137
OX371316.1	102173129	102173129	+	1.1356778847964e-31	3.73843822696532e-28	90.8660583558141
OX371316.1	110944420	110944420	+	3.98941874957155e-05	0.00214581977065859	-20.0424657042304
OX371316.1	112926481	112926481	+	9.51281522432289e-05	0.00410950137300227	-10.9525340190721
OX371316.1	112926482	112926482	+	6.25050992184914e-10	2.01720630632349e-07	-29.6429144802995
OX371316.1	123042542	123042542	-	2.1702707133471e-11	8.71234565915567e-09	70.6490872210953
OX371316.1	123042633	123042633	-	0.00233048061953117	0.0375096787840002	-12.9506008010681
OX371316.1	134811880	134811880	-	7.30096912279652e-05	0.00335662271718115	-15.5006858710562
OX371316.1	134811911	134811911	-	0.00298786567476683	0.0444040290959417	-13.8769670958512
OX371316.1	135832184	135832184	-	6.49789235755653e-05	0.0031180525983872	-20.5936918754518
OX371316.1	143427861	143427861	+	1.2333138883095e-06	0.000150923331107676	19.8079576156995
OX371316.1	143427862	143427862	+	0.000437470308474528	0.0121894521681686	29.3580590986523
OX371316.1	143427994	143427994	+	4.09626321422713e-05	0.00218543418156697	20.1502896874914
OX371316.1	143427995	143427995	+	6.78727139798169e-08	1.29897803824607e-05	58.770047436187
OX371316.1	149748782	149748782	+	0.00031315196024828	0.00954607326501193	17.3902583013894
OX371316.1	149748813	149748813	+	4.96570989142076e-06	0.000425681875286505	11.0542832592371
OX371316.1	149748828	149748828	+	3.72813330306787e-06	0.000355346808022296	11.3065648349
OX371316.1	149748868	149748868	+	4.11783494812291e-06	0.000375488614830523	11.471099323212
OX371316.1	149748875	149748875	+	4.60494002571085e-06	0.000399962991928492	11.0746394062456
OX371316.1	149748876	149748876	+	4.38624969308105e-06	0.000394983395212961	11.27015209337
OX371316.1	156021256	156021256	+	0.00174862049016834	0.0311816366464574	-14.440440283599
OX371316.1	174064773	174064773	+	1.97617576916016e-11	8.13149918820888e-09	36.4544319600499
OX371316.1	177313709	177313709	+	0.000471755409472047	0.0128235357155035	-14.368932038835
OX371316.1	188562235	188562235	-	0.000113051202551544	0.00464019100843865	-29.9270072992701
OX371316.1	191646102	191646102	-	2.63682954623986e-15	2.11706035655674e-12	61.1473272490222
OX371316.1	191646103	191646103	-	0.000168149511719341	0.00619947355497507	37.4816117538219
OX371316.1	191646322	191646322	-	1.89375247371785e-05	0.00123903214180146	46.2692370227416
OX371316.1	196023028	196023028	+	0.000157967575032871	0.00591580862629907	-13.0783075131454
OX371316.1	201341705	201341705	-	0.000192251715574782	0.00684169219084207	-13.6704311286391
OX371316.1	201341818	201341818	-	3.06014814027984e-09	8.32515102551895e-07	-10.9215017064846
OX371316.1	213421748	213421748	+	0.00178614355934254	0.0315770623999395	16.6836596351358
OX371316.1	213421779	213421779	+	3.73502469303871e-06	0.000355346808022296	17.6246079984777
OX371316.1	235467593	235467593	-	0.00232360008234373	0.0374672739629861	-18.5534750551093
OX371316.1	252713218	252713218	+	2.16868175502772e-06	0.000237172521204379	-27.6067466775546
OX371316.1	280673748	280673748	+	0.00335101379888299	0.0481329608776815	10.4185909000665
OX371316.1	280673750	280673750	+	0.000767396346300119	0.0177770907426082	30.2037189024167
OX371316.1	280673791	280673791	+	0.000552713831466622	0.0143714857028706	-36.4597628673516
OX371316.1	280673860	280673860	+	4.51086976867684e-09	1.19749482110804e-06	59.972186446437
OX371316.1	281741027	281741027	+	0.00175302224924946	0.031243204595744	-11.8421052631579
OX371316.1	284125931	284125931	+	0.000873384441057881	0.019399578202108	-11.0877025474975
OX371316.1	284125988	284125988	+	3.93845402581726e-05	0.00212884247964236	-11.7381489841986
OX371316.1	285505000	285505000	+	1.32741140539331e-45	8.73917790821782e-42	92.2866763267902
OX371316.1	285505218	285505218	+	2.08225177695285e-20	4.03198919928757e-17	75.1616878433303
OX371316.1	293199386	293199386	+	0.000522213068857081	0.013801763015795	20.9053732086341
OX371316.1	294351258	294351258	-	5.43211848518206e-06	0.000453257327659715	26.209345122654
OX371316.1	303581651	303581651	+	1.81288294985661e-08	3.8751104342057e-06	-40.0462524533015
OX371316.1	303581654	303581654	+	4.53127633669382e-05	0.00234530037259283	-15.931074126872
OX371316.1	308414397	308414397	-	0.00183240497598365	0.0320607112067941	-15.4284867867654
OX371316.1	322289880	322289880	-	2.97627278905263e-07	4.55689806652896e-05	-46.6995691343517
OX371316.1	327936723	327936723	-	2.21098494469031e-12	1.07031574128663e-09	74.7272646706941
OX371316.1	345474446	345474446	-	0.000289934426358749	0.0090123669409293	-17.3065884867056
OX371316.1	345474503	345474503	+	0.000140839052923493	0.00539715601342945	-10.9424055295438
OX371316.1	345474640	345474640	+	0.000711485677014817	0.0169962059192031	-16.7128967686589
OX371316.1	345552157	345552157	+	0.00161597940450103	0.0298020419308496	-13.6853496886669
OX371316.1	345890200	345890200	+	0.00182909547257084	0.032043845915183	17.7250286826826
OX371316.1	347727623	347727623	+	8.15917264059894e-05	0.00362952208072783	21.5044164630708
OX371316.1	347727765	347727765	+	2.63249614604648e-06	0.000277746241108975	-31.5028443579376
OX371316.1	363696115	363696115	+	9.31212059282865e-13	4.64450779419127e-10	-23.7041882808785
OX371316.1	363696192	363696192	+	0.000335535441581296	0.0100228641895968	-12.7490018282101
OX371316.1	366156234	366156234	+	0.000659657741366642	0.0161711911390338	-18.085684430512
OX371316.1	371323803	371323803	+	0.00120003108502955	0.0241017502839025	-24.7126436781609
OX371316.1	374350541	374350541	+	5.68114159778065e-12	2.49350010318623e-09	40.9564570854893
OX371316.1	387117351	387117351	+	0.000130153059656227	0.00510654850285117	-13.5944351215287
OX371316.1	396536446	396536446	-	0.000191121338354026	0.00681006738654798	51.4966934905585
OX371316.1	396536523	396536523	-	3.44520299083778e-06	0.000342627219494745	-35.7749469214437
OX371316.1	403797094	403797094	-	0.000622583125813883	0.0156402806986263	11.8986828774063
OX371316.1	403797095	403797095	-	4.88875424040414e-05	0.00249115487092717	16.2299004457864
OX371316.1	403797113	403797113	-	0.000259578314362854	0.00832829475266523	12.1783876500858
OX371316.1	403797120	403797120	-	0.000232639221242728	0.00772759443346276	12.3050259965338
OX371316.1	403797121	403797121	-	0.000237709028552489	0.0078424599270959	13.8046115457755
OX371316.1	403797143	403797143	-	0.000136020094989912	0.00528677851973775	12.9310344827586
OX371316.1	403797150	403797150	-	0.000629063313754902	0.0157422600950703	12.0725959208845
OX371316.1	403797160	403797160	-	0.000396296337511182	0.0113833602740949	12.2702258470565
OX371316.1	403797204	403797204	-	0.000549989753945163	0.0143517120842311	12.6162455460769
OX371316.1	403797206	403797206	-	1.87843608809856e-07	3.08877244735183e-05	24.8930166211858
OX371316.1	403797208	403797208	-	0.000364598945988717	0.010668366486994	14.6221202561897
OX371316.1	403797209	403797209	-	1.95589090191353e-05	0.0012695510515988	17.2964899178491
OX371316.1	403797300	403797300	-	0.00152713007587275	0.0285620532117939	11.114590252652
OX371316.1	403797309	403797309	-	0.000961164231810489	0.0207337619184096	12.2068485402254
OX371316.1	403797345	403797345	-	1.09975511791121e-05	0.00078021276454853	14.21143847487
OX371316.1	403797350	403797350	-	0.000573241853884517	0.0147835617281211	10.8433734939759
OX371316.1	403797400	403797400	-	0.000452528398699162	0.0124969670136796	10.9215017064846
OX371316.1	411479180	411479180	+	0.000423163561443865	0.0119057687249248	15.2550127626784
OX371316.1	411479231	411479231	+	1.01298151741804e-05	0.00073286699727485	-21.5423395269648
OX371316.1	421707993	421707993	-	0.000165683328756476	0.00614879808211206	-30.9685495227664
OX371316.1	429142912	429142912	+	0.00254473061618418	0.0396627608313195	-21.4613137248465
OX371316.1	432900950	432900950	-	0.000428219836719618	0.0120274679953679	-23.6068111455108
OX371316.1	432901141	432901141	-	3.12272227166137e-08	6.50595887660376e-06	-18.1104615558549
OX371316.1	432901142	432901142	-	2.44872874760439e-06	0.000261712823796257	-13.6592753496752
OX371316.1	437275042	437275042	-	2.40992777421578e-12	1.14971441426221e-09	36.0799074057459
OX371316.1	457837662	457837662	-	0.000120118035594217	0.00486071999652101	11.2780006327306
OX371316.1	463828179	463828179	+	8.05173070022809e-05	0.00360119357550905	-15.1284093330729
OX371316.1	484533409	484533409	+	0.000126812525095049	0.0050169279777939	-19.2108722590912
OX371316.1	485087086	485087086	-	6.4475997813422e-07	8.88045485897359e-05	-21.6969131614654
OX371316.1	493751286	493751286	+	1.18001784293556e-13	6.58372379427433e-11	33.1330990970569
OX371316.1	502898876	502898876	+	0.000101485052934386	0.00431614634846595	-16.2292145453867
OX371317.1	2772141	2772141	-	0.0023981539860334	0.0382050035450321	-17.3611421690892
OX371317.1	2772144	2772144	-	0.00179305264469953	0.0316312563225798	-11.7073287967534
OX371317.1	18946878	18946878	-	1.06974117761931e-09	3.23063025233667e-07	-14.0703629571404
OX371317.1	24062370	24062370	+	0.0023414493923106	0.0375206194319178	-11.2237321678216
OX371317.1	57580139	57580139	+	0.00012341380891355	0.00494227581638175	-42.5709138104753
OX371317.1	57580148	57580148	+	1.02783485401028e-05	0.000740358693880818	19.0756105070409
OX371317.1	71760688	71760688	+	0.000595545847291574	0.0151735684121668	-18.0455378973105
OX371317.1	71760689	71760689	+	0.000411005312812493	0.0117138724727164	-24.7241150575891
OX371317.1	127148232	127148232	+	0.00141572852174947	0.0270507680027195	12.4702033401917
OX371317.1	259312028	259312028	+	0.000157854042234494	0.00591580862629907	25.0799879634236
OX371317.1	259448595	259448595	+	0.00221215341611968	0.0361416340273706	-29.0521836360281
OX371317.1	259448607	259448607	+	0.000891793748023755	0.0196692937019018	14.0976950473943
OX371317.1	305664891	305664891	+	6.60924971605399e-06	0.000518009722081531	-26.5168382586243
OX371317.1	305664940	305664940	+	6.32057607962397e-15	4.62504365094949e-12	-58.2449501678836
OX371317.1	305750513	305750513	+	5.75256679301687e-05	0.00283054844504265	-17.6827418865635
OX371317.1	334161349	334161349	+	7.63796429606373e-05	0.00344893600153196	-11.0457516339869
OX371317.1	336160934	336160934	-	0.000149994922926717	0.00568842287339221	19.6122475945657
OX371317.1	336160959	336160959	-	2.71797540370318e-06	0.000284938356021228	14.4229241335476
OX371317.1	336161098	336161098	-	0.002342323015209	0.0375206194319178	-16.3296369468698
OX371317.1	359796917	359796917	+	0.00218216329167444	0.0358446685329245	-15.3091060985798
OX371317.1	368965163	368965163	+	0.00243839610423762	0.038516035759337	-10.1277633945182
OX371317.1	404673574	404673574	+	0.00295152656035007	0.0440828988540829	12.687338501292
OX371317.1	409740792	409740792	+	9.37819956398763e-09	2.20509078570577e-06	47.5965617648193
OX371317.1	416880332	416880332	+	0.000257471051893729	0.00828491035664724	-16.8471369130176
OX371318.1	301200	301200	-	0.000321377069067616	0.00968981949675853	10.8690476190476
OX371318.1	5375078	5375078	+	0.000204728902666026	0.0070939903511419	-13.0322583578886
OX371318.1	5375215	5375215	+	0.000902765520797127	0.0198055413458261	-17.821479383568
OX371318.1	7091147	7091147	-	0.000190945851855805	0.00681006738654798	15.3291207890322
OX371318.1	7091159	7091159	-	0.00279461729782181	0.0421829164438802	-22.2174715058821
OX371318.1	8843271	8843271	+	5.29018719454999e-06	0.000448822225012907	-25.3810975609756
OX371318.1	12884049	12884049	-	1.04455889013781e-05	0.000747498177364242	17.5978198276054
OX371318.1	16024111	16024111	-	0.00164058055274132	0.0301309144703648	-11.1994266994267
OX371318.1	17675507	17675507	+	0.000199119076608761	0.00697924698382789	34.3468174568653
OX371318.1	28703336	28703336	+	2.13549737175994e-62	2.34321871105867e-58	65.1456457631315
OX371318.1	28703366	28703366	+	0.00132192297694097	0.025886508499721	-12.1755557280749
OX371318.1	31830964	31830964	+	0.000672434032622567	0.0163480539091766	-22.2686078711085
OX371318.1	39657010	39657010	-	2.22993060320291e-05	0.00138662631552179	14.7845528455285
OX371318.1	50017204	50017204	+	3.20055936066129e-14	2.06581178393799e-11	-41.7901521651391
OX371318.1	53590728	53590728	+	0.000378903439862766	0.0109699114873282	-24.2082594294535
OX371318.1	53590748	53590748	+	0.0011340442362513	0.023194322378757	14.2145962683095
OX371318.1	55545597	55545597	+	4.61740618583009e-05	0.00238238771960428	-31.3952464788732
OX371318.1	70652444	70652444	+	1.71248614436629e-05	0.00113196438703469	32.5440272119903
OX371318.1	70652574	70652574	+	0.00202293055613483	0.0340619300514322	-21.7897616799067
OX371318.1	77650151	77650151	+	0.000231479160563801	0.00769682733890836	-19.7871929156926
OX371318.1	77650157	77650157	+	7.69044831550488e-06	0.000581965769713433	-17.347158479234
OX371318.1	77668236	77668236	-	0.00356146745802954	0.0499783491879885	-16.2999026290166
OX371318.1	77668290	77668290	-	0.00100867806739922	0.0213842156020489	-10.1886521996021
OX371318.1	77668293	77668293	-	0.000646779889553208	0.0159840681695757	-22.9010310470985
OX371318.1	77668453	77668453	-	5.8123806196384e-07	8.17660896445475e-05	-16.8785935426802
OX371318.1	85488559	85488559	-	0.000347512848926967	0.0102596144248856	15.3045191373408
OX371318.1	85488589	85488589	-	0.00116788796180729	0.0236291810011983	14.7153934714886
OX371318.1	100888941	100888941	-	0.0001447672688993	0.00552197741039968	37.6811955914064
OX371318.1	108383100	108383100	-	2.2525652203831e-05	0.00139642589383765	-19.8543625768785
OX371318.1	113268934	113268934	-	0.000414156201994421	0.0117527966017277	-16.055528058388
OX371318.1	135097407	135097407	+	0.00213783401298226	0.0353103257254117	14.0893470790378
OX371318.1	136036252	136036252	+	0.000183532275896703	0.00661723735411187	-25.0154409728878
OX371318.1	146125523	146125523	+	0.000846352204146504	0.0189913595393597	-12.5144960270148
OX371318.1	175503915	175503915	-	0.000109191473640614	0.00456139360993891	-19.2122204102276
OX371318.1	184696189	184696189	+	7.35277177064119e-05	0.00336967570456864	-10.9090909090909
OX371318.1	184696294	184696294	+	1.16082646782e-09	3.47383876126703e-07	-66.319568742235
OX371318.1	184696399	184696399	+	9.80713794309159e-06	0.000714231317598855	-13.0219736588354
OX371318.1	184696403	184696403	+	0.000637700047365279	0.0158660220694102	-22.3249299719888
OX371318.1	184696449	184696449	+	0.000759807774077792	0.0176759324416995	-43.8642297650131
OX371318.1	193509806	193509806	+	0.000635522000793368	0.0158486289811257	-12.3809523809524
OX371318.1	201764346	201764346	+	6.49577693620478e-05	0.0031180525983872	-14.2982754708418
OX371318.1	208166126	208166126	+	0.00324558149561081	0.0470210515177925	15.9183673469388
OX371318.1	230330183	230330183	-	0.00197758022123525	0.0336251164407622	13.6861313868613
OX371318.1	230330186	230330186	-	3.17234209422236e-05	0.00180983607597792	21.788353033538
OX371318.1	230330328	230330328	-	0.0019575080065736	0.0334046064458723	13.8790035587189
OX371318.1	257838769	257838769	+	0.00152732811300353	0.0285620532117939	-14.3900340757313
OX371318.1	262520272	262520272	+	4.31858063047339e-05	0.00225703444094006	18.7482611232528
OX371318.1	271882144	271882144	-	0.00102851008821248	0.0216474550841866	-11.1367082210243
OX371318.1	271882262	271882262	-	3.82900293924359e-11	1.46562305669289e-08	56.6171083570193
OX371318.1	289419675	289419675	-	0.000805632040648368	0.0183783043426414	22.8588455969713
OX371318.1	294413938	294413938	+	5.04481358024252e-13	2.59477788948404e-10	89.1975780132487
OX371318.1	294414173	294414173	+	0.000763472568595283	0.0177236125212617	-24.1112724439565
OX371318.1	307616249	307616249	+	3.2793989396812e-06	0.000330127375533112	32.854146935462
OX371318.1	307616292	307616292	+	0.00213261855728662	0.0352418655461746	-24.6358938219403
OX371318.1	310276678	310276678	-	0.00314934378128792	0.0460348491701048	14.4583333333333
OX371318.1	310276808	310276808	-	0.00205885798605352	0.0345080125984997	11.5039314923886
OX371318.1	316964192	316964192	-	0.00124362385197755	0.0247807268169988	-24.4303587704035
OX371318.1	316964217	316964217	-	0.00148871473688205	0.0280513406748452	11.0759493670886
OX371318.1	316964220	316964220	+	3.17371855692737e-11	1.24372443035826e-08	56.2972813238771
OX371318.1	316964228	316964228	-	8.06591087405427e-16	7.58613233823672e-13	51.2422360248447
OX371318.1	316964240	316964240	-	4.67355837781408e-119	1.53844761172809e-114	98.7432675044883
OX371318.1	317042722	317042722	-	3.10734142681809e-18	4.09151366941775e-15	96.7000557423016
OX371318.1	317043061	317043061	-	0.000691166776015057	0.0166072348252954	11.0939510939511
OX371318.1	319881946	319881946	+	1.38400344627038e-05	0.000947168257844529	14.7991419014598
OX371318.1	322810563	322810563	-	0.000363306164072497	0.0106399967491541	14.8672566371681
OX371318.1	324695740	324695740	+	4.82559763702601e-07	6.99778008531049e-05	10.5537459283388
OX371318.1	336535584	336535584	+	0.00022696726392335	0.00758238205216245	-15.9448818897638
OX371318.1	336535656	336535656	-	5.17669569232437e-05	0.00260960331207044	15.1521909296248
OX371318.1	349289980	349289980	-	0.00178274262848414	0.0315581217804431	-15.2293820391716
OX371318.1	353558902	353558902	-	0.00305120997456382	0.0450808347335391	-18.8515406162465
OX371318.1	353558947	353558947	-	0.00041327457522514	0.0117437057245509	10.7792207792208
OX371318.1	353558958	353558958	-	0.000966382028227232	0.0208022201123847	10.7188483469916
OX371318.1	363438640	363438640	+	0.000837992055726957	0.0188939205926128	-21.3649138821495
OX371318.1	368294501	368294501	+	0.000413479093993452	0.0117437057245509	-16.4643621516327
OX371318.1	369837817	369837817	+	4.40798929892426e-06	0.000394983395212961	-11.4874290348743
OX371318.1	369838009	369838009	+	3.12009167397764e-05	0.00178933024245516	-31.2921649116545
OX371318.1	369838018	369838018	+	0.000458168828648955	0.012599880565649	-18.8723062182308
OX371318.1	369838066	369838066	+	6.90166650046701e-05	0.00323776926863097	-12.8856914468425
OX371318.1	370801913	370801913	-	5.40519557124099e-06	0.000453257327659715	-29.9538063562454
OX371318.1	371311621	371311621	+	1.61706365303848e-06	0.000191895566138095	-19.6697594568006
OX371318.1	372673838	372673838	+	1.42579265466134e-07	2.43183499634684e-05	12.8055878928987
OX371318.1	375502002	375502002	-	0.00172726611343372	0.0310023747478739	-12.3833796022391
OX371318.1	375502059	375502059	-	0.000920300318674134	0.0201025596825938	-17.2350829276888
OX371318.1	375502073	375502073	-	0.00057629114671834	0.0148438355408033	-25.7741213916842
OX371318.1	395921126	395921126	+	0.00128804189137638	0.0254348644910722	10.5623028794059
OX371318.1	415766525	415766525	+	0.000243519725728006	0.0079386287976778	-30.0007968444958
OX371318.1	423729952	423729952	-	0.00118131997671899	0.0238131256484605	-11.0112320448238
OX371318.1	426360010	426360010	-	4.02784326125318e-27	1.10490860581132e-23	-77.7708358047636
OX371318.1	434628311	434628311	+	3.84383753415769e-05	0.00210132927819996	-19.7804511507625
OX371318.1	436131591	436131591	+	0.00170120857335545	0.0307695549586893	-18.9153337802892
OX371318.1	438120770	438120770	+	7.02806177383614e-07	9.55994170898403e-05	25.7895506940318
OX371318.1	438120915	438120915	+	0.00051977817474976	0.0137873658016339	-15.7627627790167
OX371318.1	438120946	438120946	+	5.24453002728142e-14	3.25735990827659e-11	-28.7907209121263
OX371318.1	439458516	439458516	-	0.000978717611107037	0.0209886286350874	-18.05104023029
OX371318.1	439458707	439458707	-	0.00118456998240918	0.023849430131612	-21.2482193732194
OX371318.1	440061654	440061654	+	0.000774013278372063	0.0178549845250476	-15.4738878143133
OX371318.1	440061865	440061865	+	8.11038978438196e-06	0.00060815215034131	10.9055389565617
OX371318.1	445991913	445991913	-	0.000636914094157861	0.0158593156983335	-17.3620911824262
OX371318.1	446690453	446690453	-	0.00114064265916989	0.0232638248539472	-25.0400419653786
OX371318.1	450480627	450480627	-	1.66580547877883e-17	1.9583995237949e-14	-33.1984611572195
OX371318.1	466228371	466228371	+	1.26027440771848e-05	0.000877079613399813	-17.8588705776115
OX371318.1	475012143	475012143	+	0.00130825833800442	0.0256953499684952	-17.2520170859041
OX371318.1	476931403	476931403	-	3.17641420505462e-12	1.47723413576953e-09	-33.3530815354783
OX371318.1	476931434	476931434	-	0.000162681796349428	0.00605460191437962	-19.812061814044
OX371318.1	479049504	479049504	+	0.00173543163568226	0.0310615713049764	-12.695881185366
OX371318.1	486720794	486720794	+	0.000620683419460652	0.0156325417262124	-10.2493779446093
OX371318.1	492815228	492815228	+	0.00144290928424352	0.0273920776913629	14.5562770562771
OX371318.1	492957191	492957191	-	7.07587577484556e-12	3.0249939797179e-09	33.0787878787879
OX371319.1	36571613	36571613	+	0.000583098637329756	0.0149723179580684	-19.4186458702588
OX371319.1	51631983	51631983	+	0.00168145048673499	0.0304959729666791	-19.8294484889071
OX371319.1	51632231	51632231	+	0.00164886497739368	0.03020452820716	-11.036124485569
OX371319.1	62595468	62595468	-	0.000140290509802915	0.00538240094009631	-11.8190973175867
OX371319.1	97669878	97669878	-	0.000211709899206372	0.00724369086471776	14.3591329673445
OX371319.1	186233906	186233906	-	0.000214769234764496	0.00730351208947541	11.4422754583666
OX371319.1	332014603	332014603	-	0.00329532158244304	0.0475562451923626	-21.8000982318271
OX371319.1	385367257	385367257	+	1.29760654526014e-05	0.000897369108036036	27.0569280343716
OX371319.1	402016326	402016326	-	0.00349831909774869	0.0495544285161736	-10.5764315303934
OX371319.1	402016525	402016525	-	0.000321736852529033	0.00968981949675853	-16.2378557115399
OX371319.1	402799541	402799541	-	3.13180652070535e-05	0.00179292498541723	19.0010662775689
OX371319.1	402799607	402799607	-	0.000518269448677621	0.0137584326871848	13.1427290772876
OX371319.1	428336435	428336435	-	0.00336651698789291	0.0482452826600454	-21.5953018138567
OX371319.1	460672005	460672005	-	1.37174661237071e-07	2.35183964887165e-05	11.0612855007474
OX371319.1	502968355	502968355	+	0.00141158169496931	0.0270270961270495	-12.8526917280889
OX371320.1	9014030	9014030	-	0.00013676847553605	0.00530289900552735	19.9525296291576
OX371320.1	10758350	10758350	+	3.77295176965025e-09	1.00974376976288e-06	-31.2298642722039
OX371320.1	46240601	46240601	-	0.000485425491476348	0.0130763462912209	-20.428263214671
OX371320.1	56933822	56933822	+	0.00202202390174809	0.0340619300514322	-15.2774062661453
OX371320.1	62365329	62365329	+	1.30697793328161e-15	1.16279075754951e-12	29.8577510046149
OX371320.1	62393567	62393567	+	1.17439415531538e-13	6.58372379427433e-11	28.1321638804111
OX371320.1	62411267	62411267	+	0.00226569446170021	0.0369219826336036	-14.4470008008033
OX371320.1	62477845	62477845	+	1.76022895911235e-06	0.000204156987688218	18.5308807991547
OX371320.1	62511521	62511521	+	2.49281781069333e-14	1.64117757704275e-11	29.691968464716
OX371320.1	62511567	62511567	+	6.67503372594838e-11	2.44143965873073e-08	-16.9823338501698
OX371320.1	63360726	63360726	-	4.99494130868879e-25	1.17445773890606e-21	-48.4745118687049
OX371320.1	63360729	63360729	-	0.000984575615920642	0.021051874627617	-20.4701348034396
OX371320.1	63800151	63800151	-	0.00187660540159867	0.0325128021458666	-24.7261675451037
OX371320.1	75812103	75812103	-	1.66444585739983e-06	0.000195680108874646	-10.8777642756744
OX371320.1	75812181	75812181	-	0.00134909436298585	0.0262934587136517	-13.4225015649152
OX371320.1	75812320	75812320	-	0.00183375027774632	0.0320607112067941	-10.0233330524456
OX371320.1	80689580	80689580	+	0.00187000659018907	0.032415536389315	10.1036269430052
OX371320.1	80689685	80689685	+	0.00263156439318144	0.0405553163259592	10.6292627072236
OX371320.1	80689904	80689904	+	2.72399784021852e-07	4.2497104780033e-05	63.1121075795099
OX371320.1	84299200	84299200	-	0.00317223426223911	0.0462667221788351	22.0072332730561
OX371320.1	84299385	84299385	-	2.96957520062263e-05	0.00172708191524037	41.6890005583473
OX371320.1	84534611	84534611	+	2.81851385284181e-05	0.0016717149665926	-26.6924776341405
OX371320.1	85902288	85902288	+	1.1092188716658e-06	0.000138308338137375	-34.8780487804878
OX371320.1	85902451	85902451	+	3.23107315542182e-12	1.47723413576953e-09	50.5235602094241
OX371320.1	88077583	88077583	-	2.95415944137462e-10	1.01297269344898e-07	-21.7032187828319
OX371320.1	92799990	92799990	-	0.00026578752533018	0.00848615516536237	-13.2289081885856
OX371320.1	116327961	116327961	+	4.8699007975977e-13	2.54457118644963e-10	49.2250733479253
OX371320.1	116328193	116328193	+	0.000125216252765634	0.00497812051481493	10.2272727272727
OX371320.1	118280578	118280578	+	9.15918046191102e-08	1.63860332961347e-05	72.3138520998538
OX371320.1	122761078	122761078	-	4.57592402990413e-06	0.000399551251654754	-16.0050626768214
OX371320.1	122761081	122761081	-	0.000649606953288867	0.0160178579989511	-11.9723457865431
OX371320.1	149114273	149114273	+	1.64276579641361e-05	0.00109467132812693	43.6185078697594
OX371320.1	151655511	151655511	+	0.00268417426978383	0.0411541288658669	35.394495412844
OX371320.1	151655598	151655598	+	0.000416321669596573	0.011793913238393	-10.3061986557132
OX371320.1	158489706	158489706	+	0.00199777090954222	0.0338686174173223	-20.2039074453801
OX371320.1	158489755	158489755	+	3.85563585434951e-05	0.00210132927819996	39.4127068215698
OX371320.1	194678948	194678948	-	0.00201373766507335	0.0339940823324609	19.7183098591549
OX371320.1	194679026	194679026	-	6.29363940139293e-05	0.00304221416564515	-20.0750469043152
OX371320.1	194679172	194679172	-	1.90849938889209e-05	0.00124404384587741	56.5555555555556
OX371320.1	194679286	194679286	-	0.000853332621692213	0.0190763224292004	-18.6932849364791
OX371320.1	211525859	211525859	+	5.49236666021609e-06	0.000456561594602037	18.9656269024233
OX371320.1	211525902	211525902	+	0.000533600988100264	0.0140184692778868	-34.808291678918
OX371320.1	211525934	211525934	+	8.20940583829098e-10	2.5827342428893e-07	76.8334990798212
OX371320.1	218342882	218342882	-	2.21612960338519e-05	0.00138164437321977	34.3694446274969
OX371320.1	218505639	218505639	-	0.00304861017532906	0.0450626489806861	-12.2865460654954
OX371320.1	219459406	219459406	+	1.4998705454692e-06	0.000180193140212575	-12.1530175314278
OX371320.1	236385075	236385075	+	0.00179707579605564	0.0316682863393623	-14.8786279988661
OX371320.1	239437000	239437000	+	2.06798991025593e-09	5.91950804619552e-07	-14.0248129694809
OX371320.1	239437187	239437187	+	0.000237833149413101	0.0078424599270959	-26.9864610084499
OX371320.1	240723489	240723489	-	5.05862672035943e-10	1.68202512674411e-07	32.7799069797794
OX371320.1	249715794	249715794	-	0.00222563370640536	0.0363230937636264	-12.5074930733322
OX371320.1	270946552	270946552	-	1.01311501957428e-07	1.80269421709009e-05	-37.1984925018985
OX371320.1	281028218	281028218	+	0.0022973102324519	0.037192681172188	-10.9984051036683
OX371320.1	282406516	282406516	+	3.97381570746711e-06	0.000368480414459249	-10.0783352773539
OX371320.1	283050705	283050705	+	2.16568359651334e-06	0.000237172521204379	-18.0374639769452
OX371320.1	283050735	283050735	+	6.45463194002013e-08	1.24254009696615e-05	-10.6042639837106
OX371320.1	283050751	283050751	+	1.8860227712179e-07	3.08877244735183e-05	-20.1262272089762
OX371320.1	283050765	283050765	+	1.4080695839978e-06	0.000170408107504194	-27.6162790697674
OX371320.1	283050911	283050911	+	0.00338315408255798	0.0484204678995333	-36.7194168030606
OX371320.1	286593983	286593983	-	0.00238047555278824	0.0379654955373908	10.0479628916966
OX371320.1	286808244	286808244	+	0.00136981169623439	0.0266341567952895	-12.1089235811989
OX371320.1	287047383	287047383	-	1.04184348832966e-05	0.000747179307906212	12.598749568243
OX371320.1	287635679	287635679	-	3.1107365898494e-05	0.00178707860599726	-40.5868791320563
OX371320.1	287635693	287635693	-	0.00095533660691089	0.0206893988320193	-27.9953917050691
OX371320.1	291043297	291043297	+	0.000983572596791431	0.021051874627617	-17.9954552832332
OX371320.1	301025964	301025964	-	6.88831560321701e-05	0.00323776926863097	11.3839285714286
OX371320.1	301025990	301025990	-	0.000835524856078274	0.0188512052694481	14.6290854680824
OX371320.1	301026163	301026163	-	0.000577574897416373	0.0148536566267427	23.7792781491866
OX371320.1	309602780	309602780	-	0.000999995418865479	0.0212785846217064	-14.7882845847037
OX371320.1	317501526	317501526	-	3.3733970846487e-08	6.94036838306765e-06	10.5926680502126
OX371320.1	317501548	317501548	-	0.000461369236078561	0.0126561736973149	17.6447461475471
OX371320.1	317501728	317501728	-	1.13650078364873e-05	0.000802821256519732	40.5646583166234
OX371320.1	319343576	319343576	+	3.85290217274574e-06	0.0003607119346604	-21.260610509481
OX371320.1	320522949	320522949	+	0.000960971470936409	0.0207337619184096	-15.1034151034151
OX371320.1	329841617	329841617	-	0.00182598711859792	0.0320139187864058	-32.3261514643272
OX371320.1	329841747	329841747	-	1.07875836841565e-16	1.18368995766989e-13	42.6685860473506
OX371320.1	350500774	350500774	-	1.27491556737324e-05	0.000885397155738661	-27.0867457298426
OX371320.1	352468067	352468067	-	5.20647476194666e-05	0.0026206019465078	-22.7792210219415
OX371320.1	362314110	362314110	+	0.000100937320983671	0.00430397275513897	-22.4948289854402
OX371320.1	367759089	367759089	+	0.000161943530832179	0.00604407797897117	13.5585076314302
OX371320.1	377594252	377594252	+	6.36490733993812e-10	2.03418244000003e-07	-31.9873171520041
OX371320.1	384014808	384014808	+	8.44928272965496e-05	0.00372185274364311	-18.7353637572573
OX371320.1	384494493	384494493	+	4.28847574365251e-05	0.00225508888729705	-21.533212010919
OX371320.1	406843460	406843460	+	1.48077153620823e-14	1.01550451909086e-11	10.7348990610953
OX371320.1	417051565	417051565	+	1.93265715408057e-06	0.000217874802943484	-17.3267326732673
OX371320.1	417051641	417051641	+	0.00176667903001134	0.031367720848342	-31.6450842343475
OX371320.1	417051852	417051852	-	3.79315336682228e-06	0.000359837124798909	-37.7744308828622
OX371320.1	430557249	430557249	+	0.0025351081279563	0.0395689884504027	-10.5104369053232
OX371320.1	436741143	436741143	+	7.47738518615637e-09	1.85068775870387e-06	-16.1895007518142
OX371320.1	436741336	436741336	+	0.000115006767007496	0.00470286546157385	60.0601370957568
OX371320.1	450801338	450801338	+	1.1861081267592e-05	0.000834283142891913	-10.6614017769003
OX371320.1	455007750	455007750	+	0.000798436754970958	0.0182394433590192	-29.1618121567816
OX371320.1	455180075	455180075	+	0.000547178562430526	0.0143093671759036	-17.3232141796805
OX371320.1	460407773	460407773	-	0.000596395280708538	0.0151834587321738	-17.2763377926421
OX371320.1	460407969	460407969	-	4.34677159949933e-06	0.000393097676905838	-13.2082424299142
OX371320.1	462659594	462659594	+	1.55079620313081e-05	0.00104824019281227	-24.0261335533977
OX371320.1	464371338	464371338	-	0.00164118508760673	0.0301309144703648	-19.4116129575715
OX371320.1	470192830	470192830	-	0.00265195512385105	0.0408122394651869	-23.5387024879793
OX371320.1	478481343	478481343	+	2.87824687971964e-09	7.89553997208507e-07	-26.9101548799173
OX371320.1	484854763	484854763	-	8.67955390089487e-09	2.07039570562896e-06	-32.1089511754069
OX371320.1	487199221	487199221	+	4.09140589265675e-06	0.000374955413514238	-23.6914038049469
OX371320.1	487199223	487199223	+	0.00128521513850567	0.0253942783391254	15.9045735391071
OX371320.1	492433167	492433167	+	6.34892752463642e-07	8.78129268163675e-05	-12.1152597402597
OX371320.1	500917868	500917868	+	4.75748489914461e-05	0.00243179292818134	13.0031464640651
OX371321.1	34102748	34102748	+	1.78125385890056e-05	0.00117271060873695	-16.6995629493867
OX371321.1	41375577	41375577	-	0.000200727158198825	0.00700754936218013	-27.1232676076967
OX371321.1	41851066	41851066	-	5.17852503092598e-06	0.000440484017230039	-45.2089704383282
OX371321.1	54817504	54817504	+	8.19337132992864e-05	0.00363981633703792	-34.5801416389652
OX371321.1	69513538	69513538	-	0.00215992876477486	0.0355681825354708	-10.0105374077977
OX371321.1	88173833	88173833	-	9.55155751142214e-05	0.00412082998591797	-22.6261893243025
OX371321.1	88173906	88173906	-	1.30470089022652e-05	0.000900383690776499	-27.7166049179524
OX371321.1	88174071	88174071	-	9.02701721012191e-05	0.00393058791940076	-10.095552020641
OX371321.1	106300075	106300075	+	6.71898064175949e-19	1.05322009136826e-15	-30.2003101576635
OX371321.1	193018621	193018621	+	7.95874444689363e-06	0.000598143640180688	-11.0089773614364
OX371321.1	197863856	197863856	+	0.0021081764705016	0.0349871135984041	-14.5687645687646
OX371321.1	197863871	197863871	+	5.38304451752782e-05	0.00268891823851632	-18.8734332759892
OX371321.1	197863875	197863875	+	0.000178255871814695	0.00646830693826344	-14.7359347545005
OX371321.1	197863880	197863880	+	0.000175257701295993	0.0063888751435429	-15.4456587310316
OX371321.1	197863884	197863884	+	7.19435082767052e-05	0.00333815176815773	-15.1612903225806
OX371321.1	197864064	197864064	+	0.000636040770500206	0.0158495588033132	-14.9256271932122
OX371321.1	222539013	222539013	-	0.00272623333404247	0.0414514916131803	-14.4729144729145
OX371321.1	222539018	222539018	-	0.00111759664621424	0.0229645330002125	-10.3860249502451
OX371321.1	231835260	231835260	-	0.000197975178804724	0.00697002238811259	13.0219845513963
OX371321.1	231835272	231835272	-	0.00320826380519903	0.0466681470702621	-19.248267655911
OX371321.1	260991575	260991575	-	0.00298521080443318	0.0443846120614568	-16.9576755794728
OX371321.1	267336603	267336603	+	6.24744533023531e-05	0.00302432592127627	-18.1222335716718
OX371321.1	277395494	277395494	+	1.97394569063923e-06	0.000221769909592514	-20.7602899261393
OX371321.1	282140182	282140182	-	1.17118685654294e-13	6.58372379427433e-11	10.58308111171
OX371321.1	282140212	282140212	-	0.000493393047518978	0.0132260359474329	-26.4896356379555
OX371321.1	288512473	288512473	-	3.01285285134465e-05	0.0017399553571026	-18.5755207553573
OX371321.1	293425513	293425513	+	1.2848184369311e-05	0.000890395979841392	-24.2082503073727
OX371321.1	296081883	296081883	-	3.64335602455507e-05	0.00201906456624942	13.7077048512026
OX371321.1	300683931	300683931	+	0.000661381920762608	0.0161711911390338	13.1764038570618
OX371321.1	420170645	420170645	+	0.000366426671009863	0.010694133263243	15.1136435983956
OX371321.1	420170841	420170841	+	0.000729588789223447	0.0172409850672378	-13.4346019611102
OX371321.1	431707773	431707773	+	6.1650255111443e-10	2.00931739655117e-07	-50.6386043533931
OX371321.1	441124041	441124041	-	0.00334967024650256	0.0481329608776815	14.5389313882465
OX371321.1	450184804	450184804	+	0.00326234300060232	0.0471837444329272	-24.1620752984389
OX371322.1	306196	306196	-	0.000871787993419222	0.0193902857017878	-20.383163222969
OX371322.1	306252	306252	-	0.000457200127489081	0.012599880565649	-10.0028011917798
OX371322.1	306356	306356	-	0.00200078929968968	0.0338797452094135	-10.977487220352
OX371322.1	6158330	6158330	+	4.12542441716407e-05	0.00219034227444599	-19.33256718529
OX371322.1	23408282	23408282	-	1.67006748466845e-08	3.61680815083806e-06	-21.2220487562258
OX371322.1	27068935	27068935	-	2.45458608823829e-05	0.00148803613956196	-17.4913778001926
OX371322.1	29720652	29720652	+	2.98034614180245e-06	0.00030754669451389	11.5825628457911
OX371322.1	48633943	48633943	-	6.37366227686647e-08	1.23417051408832e-05	-34.4943984535482
OX371322.1	48634066	48634066	-	2.294235229742e-06	0.000248427346650546	-17.2224797205677
OX371322.1	57039310	57039310	-	4.55144959837939e-06	0.000399533785520836	-28.4357244318182
OX371322.1	59167546	59167546	-	0.0017574131682728	0.0312887306919712	-19.2952260168494
OX371322.1	63602674	63602674	-	7.89329958501096e-07	0.000105195381580153	-12.5783958992914
OX371322.1	69340276	69340276	+	0.000308233833916375	0.00942981292429004	12.5415947201764
OX371322.1	69340442	69340442	+	1.04868598410059e-06	0.000132263495548184	17.7779489018045
OX371322.1	70665285	70665285	+	0.000122576511103184	0.00491558959263677	-14.3600447954203
OX371322.1	71078813	71078813	-	0.000773920807604129	0.0178549845250476	-27.3279114845243
OX371322.1	76979176	76979176	-	3.00351016446447e-06	0.000308968473923999	-29.0971243478476
OX371322.1	76979336	76979336	-	0.00262090063369279	0.040504753401326	-18.2981205153193
OX371322.1	78774743	78774743	-	3.87269236640369e-05	0.00210669565699786	-23.5717219973831
OX371322.1	82577624	82577624	-	1.47880580476968e-06	0.000178313218793395	23.8693383452778
OX371322.1	83684326	83684326	+	0.00216795090926834	0.0356467886179938	-20.9065306339338
OX371322.1	83684346	83684346	+	0.0012707389644755	0.0251632908957844	13.3479189200579
OX371322.1	83800569	83800569	+	0.000213296399032617	0.00727133639516994	10.8301954455801
OX371322.1	89016277	89016277	+	0.00213005076499377	0.0352418655461746	-10.4713804713805
OX371322.1	93321874	93321874	+	0.000714991284334485	0.0170428455925654	-14.6032674957327
OX371322.1	93321875	93321875	+	0.000659881184700772	0.0161711911390338	-18.3180440021768
OX371322.1	96758203	96758203	+	0.000399114394267026	0.0114443345017285	-26.5089283866829
OX371322.1	110119030	110119030	-	0.000238651959098493	0.0078424599270959	13.3911368015414
OX371322.1	116442696	116442696	+	0.000155864423847961	0.00587043935570323	-13.1477598137437
OX371322.1	153422706	153422706	+	4.65506512612731e-05	0.00239468623077153	13.0890203267499
OX371322.1	155228882	155228882	-	2.1025261571813e-05	0.0013309848248798	-28.5283351753648
OX371322.1	172302675	172302675	-	0.000405315859801811	0.011581802606034	-12.0450991687927
OX371322.1	172302699	172302699	-	2.41689006957583e-06	0.000259811138484637	20.0984078203158
OX371322.1	182672168	182672168	-	0.00341594327711217	0.0486718967231631	-11.432786856017
OX371322.1	190453769	190453769	+	0.00137735529506122	0.0267334602328905	-23.4230445752733
OX371322.1	192591609	192591609	+	0.0003131940325445	0.00954607326501193	18.3425911632103
OX371322.1	203103998	203103998	-	0.000811175434002318	0.0184735725186949	-19.3513851095151
OX371322.1	203104165	203104165	-	1.40442702897335e-05	0.000959151435131204	-16.7174760360508
OX371322.1	203104168	203104168	-	0.000858370043297093	0.0191306222952657	-15.3803533360069
OX371322.1	211390546	211390546	+	9.39403786587689e-07	0.000120794561382887	14.968152866242
OX371322.1	211390635	211390635	+	1.92382827933094e-13	1.03817725393971e-10	98.7281399046105
OX371322.1	215794915	215794915	+	2.77316145610191e-13	1.47237524117331e-10	-10.1607118086519
OX371322.1	219404831	219404831	-	0.000344926040049486	0.0102107169024874	-22.9403663981972
OX371322.1	240399101	240399101	+	0.00016369268986792	0.00608177856276564	-27.7177892251916
OX371322.1	242751907	242751907	+	4.07246107970041e-05	0.00218335126145316	-21.389207282634
OX371322.1	254476958	254476958	-	4.110016648844e-05	0.00218894358442747	-32.4269783043666
OX371322.1	300103045	300103045	-	0.001355704454427	0.0264066529932784	-21.9834217506631
OX371322.1	307001095	307001095	-	8.68198195841562e-06	0.000649533032883125	72.7004934089403
OX371322.1	307001112	307001112	-	0.000110444003746641	0.00458748736290345	-24.1799437675726
OX371322.1	318594855	318594855	-	2.10193945430094e-15	1.72979744343046e-12	51.2578616352201
OX371322.1	334613836	334613836	+	0.000254054790206279	0.00820707201033397	15.3240619260037
OX371322.1	342273772	342273772	-	0.00269118051539329	0.041179706270999	27.3224043715847
OX371322.1	342273893	342273893	-	1.76461298554692e-06	0.000204156987688218	-11.6431481272876
OX371322.1	342648196	342648196	-	2.70629123713347e-05	0.00161680622466898	-30.8977438707886
OX371322.1	373465521	373465521	+	0.000356663133523819	0.0104827502332429	-10.9347442680776
OX371322.1	373465615	373465615	+	0.000315573685327652	0.0095831114621508	-10.4304635761589
OX371322.1	379634442	379634442	+	8.07452554862872e-08	1.51841679250993e-05	-19.4511702986279
OX371322.1	379634489	379634489	+	2.88474653732063e-05	0.00169875556675792	-10.5050135203002
OX371322.1	389076689	389076689	+	3.22572251227702e-05	0.00183710596290317	10.4153308580489
OX371322.1	389076881	389076881	+	3.6888151746583e-05	0.00203398433917109	-30.5672185692783
OX371322.1	389076912	389076912	+	4.53954052538463e-12	2.01936682786416e-09	-37.800857237059
OX371322.1	392371810	392371810	+	3.67811121520147e-05	0.00203398433917109	-11.2125715760903
OX371322.1	392372000	392372000	+	0.000412383544017227	0.0117328362038403	-19.0174512496176
OX371322.1	394866517	394866517	+	0.000315441064463789	0.0095831114621508	-25.4613469708039
OX371322.1	407887817	407887817	-	3.42659117661638e-07	5.17417172918547e-05	-18.8918356177549
OX371322.1	408430020	408430020	-	2.50087461124237e-05	0.00151331054391899	-13.320772282934
OX371322.1	412118251	412118251	-	1.19915239104263e-05	0.000841659781666235	-17.3475933334111
OX371322.1	420147512	420147512	+	0.000189366176246152	0.00677562906863776	-17.254329939813
OX371322.1	421062692	421062692	+	3.6946687744897e-06	0.000355043969153089	-10.1526585133143
OX371322.1	421062693	421062693	+	3.97915396817693e-05	0.00214380151630346	-19.9790974023337
OX371322.1	421062829	421062829	+	0.00114002305351673	0.0232638248539472	-16.7490095250295
OX371322.1	439477828	439477828	-	0.000641771216739017	0.0158960893175813	-27.1217622063396
OX371322.1	439477840	439477840	-	0.00133595847003067	0.0261147522867158	-30.1021773825121
OX371322.1	439478000	439478000	-	0.000174675038432785	0.0063817692429105	-28.0792382263737
OX371322.1	439478024	439478024	-	0.000724219306843214	0.0171757485063569	-12.8274109094606
OX371322.1	439478075	439478075	-	1.532658635113e-05	0.00103811199027683	-33.917156634999
OX371322.1	458195268	458195268	-	1.87405501274073e-38	7.71129625844784e-35	56.7104685533671
OX371322.1	458195269	458195269	-	0.000365441034957957	0.0106835100218731	13.7728307644275
OX371323.1	16816777	16816777	-	1.38645070297877e-06	0.000168410894078546	14.0438101089345
OX371323.1	50110682	50110682	+	0.000240755058057946	0.00787793656419757	-17.5758580666556
OX371323.1	61441873	61441873	-	0.000244629544791184	0.00795725791255161	-17.687074829932
OX371323.1	80237830	80237830	+	9.22661811794525e-06	0.000679469650077127	-15.8669634038042
OX371323.1	99042856	99042856	-	0.00032107585727458	0.00968981949675853	10.0649248588459
OX371323.1	113803376	113803376	+	3.70379700851635e-05	0.0020363551170331	23.4354873151344
OX371323.1	123424717	123424717	-	0.00297088882830155	0.0442683875268375	-13.4188769679894
OX371323.1	130742915	130742915	-	2.63289166587213e-07	4.14688263136663e-05	-26.1428036325747
OX371323.1	132116077	132116077	-	8.52354306355818e-09	2.06308105678635e-06	-24.7569115966737
OX371323.1	139055745	139055745	-	1.77728891121347e-08	3.82385698093358e-06	-11.6894269894854
OX371323.1	142459304	142459304	-	1.01608825286105e-06	0.000129141761659816	-18.3471047281789
OX371323.1	142459484	142459484	-	4.60430456611679e-06	0.000399962991928492	-10.7576106126831
OX371323.1	156047974	156047974	-	4.14871646061521e-07	6.06968672556684e-05	-23.897449071522
OX371323.1	156048031	156048031	+	1.11603413536104e-07	1.97514768519783e-05	-18.5692046083862
OX371323.1	199852956	199852956	-	0.000726251237224548	0.017199155580871	-17.5571755288736
OX371323.1	329056353	329056353	+	0.00101350769968374	0.0214545471106916	-30.7179428831494
OX371323.1	367038164	367038164	+	1.71295024435916e-06	0.000199954268702651	23.1179308708376
OX371323.1	367038336	367038336	+	0.00030689319410332	0.00939753243038897	-18.4090322776454
OX371323.1	388241004	388241004	-	0.00107623748431905	0.0223377780339488	-29.5474581251837
OX371323.1	388241180	388241180	-	0.000380305525448146	0.0110008289844829	10.6164719740846
OX371323.1	421230503	421230503	+	0.00287160578038504	0.0431043625864765	-13.3608815426997
OX371323.1	421230510	421230510	+	0.000659639040354499	0.0161711911390338	-34.2942112482853
OX371323.1	421869085	421869085	+	8.89695993949009e-07	0.00011575936984487	-25.4964708274843
OX371323.1	426952488	426952488	+	0.00285536033814265	0.0429584541660253	-16.6148238573417
OX371323.1	429025353	429025353	-	4.42488316975054e-15	3.38741489607729e-12	-23.0349596619285
OX371323.1	439971135	439971135	-	4.13346289173006e-05	0.00219107620766144	-30.3970699377943
OX371323.1	483561309	483561309	-	0.00262026058740238	0.040504753401326	17.5601188437428
OX371323.1	487627733	487627733	+	4.43983614413296e-16	4.71455046304922e-13	-13.6751968503937
OX371323.1	487766871	487766871	+	7.37488164418069e-06	0.000561961221963398	-17.7158976784252
OX371323.1	487766883	487766883	+	5.68045577204247e-10	1.86989931644188e-07	-19.6315786468089
OX371323.1	491968550	491968550	-	0.000105117796147821	0.00443057663911014	-12.8404629917518
OX371324.1	1172249	1172249	-	7.19994844213426e-05	0.00333815176815773	-11.2112503575515
OX371324.1	1172273	1172273	-	1.24138920413896e-26	3.14340002255884e-23	24.4684896346142
OX371324.1	1172274	1172274	-	8.47730232006288e-15	6.06645359399188e-12	11.7528097337798
OX371324.1	14634638	14634638	-	8.93060358349738e-08	1.61526753438995e-05	-12.6781376518219
OX371324.1	29923649	29923649	+	5.242124197649e-05	0.00263451724804891	21.632386787254
OX371324.1	48075451	48075451	+	0.00318088559703947	0.046351827200193	-20.3031536290113
OX371324.1	61177103	61177103	+	1.63475016682394e-05	0.00109153963778998	17.4940898345154
OX371324.1	61177128	61177128	+	2.03222197223135e-06	0.000226769251565586	44.7813994423683
OX371324.1	63900712	63900712	+	3.28796172011805e-08	6.80713977633086e-06	-84.6774193548387
OX371324.1	70482876	70482876	-	1.52942269845601e-10	5.41351847014456e-08	58.4664945989867
OX371324.1	70482877	70482877	-	1.92707579012434e-06	0.000217874802943484	15.0410209662717
OX371324.1	70483119	70483119	-	1.62746211379981e-17	1.9583995237949e-14	92.5030794801057
OX371324.1	70483184	70483184	-	1.54169939822631e-15	1.33552230693337e-12	-53.0949425664635
OX371324.1	85497939	85497939	-	0.00149239631009015	0.0281046239313902	-39.1128822663086
OX371324.1	85497945	85497945	-	0.00262753355545356	0.0405217306769485	-29.9826171744638
OX371324.1	85498108	85498108	-	4.22837924791173e-06	0.000383444354307372	-52.3850737129669
OX371324.1	85498129	85498129	-	1.53287014593581e-14	1.02977969931341e-11	68.6626450666232
OX371324.1	95603201	95603201	-	0.000221508657487071	0.00743679438346154	-11.6071428571429
OX371324.1	95603300	95603300	-	0.00103034095294937	0.0216721331495207	-35.7110609480813
OX371324.1	110391402	110391402	+	7.29954602154511e-05	0.00335662271718115	22.7549988922122
OX371324.1	111011567	111011567	+	0.00246087876427638	0.038796698012828	11.6731517509728
OX371324.1	111011634	111011634	+	0.00274539414586754	0.0416658447527505	11.439842209073
OX371324.1	111011637	111011637	+	2.58690432237409e-10	8.963792636639e-08	31.8359375
OX371324.1	111011675	111011675	+	0.00210259877372604	0.0349837822771202	12.0315581854043
OX371324.1	111011775	111011775	+	0.000690186794785603	0.0165958017310138	13.519313304721
OX371324.1	111011780	111011780	+	0.000104064776594586	0.00439181657673449	20.4128810821724
OX371324.1	111011798	111011798	+	0.00225799170703454	0.0368146828668289	11.8110236220472
OX371324.1	111011803	111011803	+	0.00233594259562073	0.0375096787840002	11.8343195266272
OX371324.1	111011812	111011812	+	0.00242309736206483	0.0384403916497452	11.7878192534381
OX371324.1	111011864	111011864	+	0.00265867084028741	0.0408773699129907	11.6731517509728
OX371324.1	111427349	111427349	-	8.23113044829138e-08	1.51841679250993e-05	11.4905149051491
OX371324.1	112398971	112398971	+	0.000520387377927426	0.013792411259157	-25.8557534419603
OX371324.1	128971200	128971200	+	0.000495422889498177	0.0132696425775105	-19.4609786498331
OX371324.1	156914872	156914872	-	5.42024974837764e-16	5.57576369428327e-13	36.519561391634
OX371324.1	176903494	176903494	+	7.75743632902045e-05	0.00349574564197127	-13.1239786772752
OX371324.1	180592462	180592462	+	6.76215299326341e-09	1.71228747605502e-06	11.0582934251811
OX371324.1	183368880	183368880	-	1.17228456879541e-06	0.000145072953122957	-12.1365307486631
OX371324.1	183368928	183368928	-	0.000107228181035941	0.00450798245299667	-18.4032236367416
OX371324.1	183368937	183368937	-	1.52968769962171e-08	3.37949296059317e-06	-31.2253501971984
OX371324.1	190597162	190597162	-	3.23523533736337e-15	2.53566354726346e-12	-10.7182320441989
OX371324.1	190597273	190597273	-	0.000336533233596248	0.0100253771723334	-16.5518633297742
OX371324.1	190597390	190597390	-	0.000660552983007486	0.0161711911390338	-15.6155642555732
OX371324.1	190597418	190597418	-	0.000209437618987289	0.00719654794175538	-14.8254362694069
OX371324.1	196926481	196926481	-	6.20520634960886e-06	0.000498204231128411	-17.0509293990164
OX371324.1	208208568	208208568	+	3.0153628983177e-07	4.59537413821088e-05	47.0970492278692
OX371324.1	208208698	208208698	+	1.36872848694322e-18	1.87733209332001e-15	-47.0076616634062
OX371324.1	208208730	208208730	+	8.23823126951484e-10	2.5827342428893e-07	58.154549705495
OX371324.1	215873765	215873765	+	1.14544448894125e-07	2.00563194301724e-05	36.9713781475714
OX371324.1	219744074	219744074	+	4.86262102711671e-22	1.06712232252825e-18	66.1367662329729
OX371324.1	225844570	225844570	-	0.000203475686410605	0.00705846323254189	-18.9074208363548
OX371324.1	225844730	225844730	-	0.000675305573363628	0.0164057496082693	-11.3546983516024
OX371324.1	232353229	232353229	+	4.14534009207999e-07	6.06968672556684e-05	-11.2978617739246
OX371324.1	234475678	234475678	+	0.000772854331708279	0.0178549845250476	10.0422899884925
OX371324.1	234548573	234548573	-	1.36767738970228e-07	2.35183964887165e-05	-30.6259600614439
OX371324.1	235888741	235888741	+	1.63210335001518e-05	0.00109153963778998	-13.7558958096265
OX371324.1	247457489	247457489	+	1.14251052343081e-15	1.04470277490054e-12	-16.0274215223222
OX371324.1	247457619	247457619	+	0.00293501138894284	0.0438760493461293	-14.7058591126388
OX371324.1	249286128	249286128	-	4.03118424326442e-14	2.55190406823406e-11	43.7062190125464
OX371324.1	250291267	250291267	-	2.14285740128103e-05	0.00135391246978235	26.8820703548737
OX371324.1	263404946	263404946	-	1.62642523270175e-06	0.000191895566138095	35.3578557171372
OX371324.1	264017659	264017659	-	1.13616236975473e-05	0.000802821256519732	16.0083388193987
OX371324.1	264017859	264017859	-	3.14055559420138e-05	0.00179481232158553	25.0995520159283
OX371324.1	264189428	264189428	-	3.13212182146431e-06	0.000318220882006457	11.4512445321875
OX371324.1	264189433	264189433	-	2.03912539736098e-15	1.72113274351394e-12	36.6351933983403
OX371324.1	267246904	267246904	-	0.00141213518355597	0.0270270961270495	-16.4225899376968
OX371324.1	269022933	269022933	-	1.15256094632272e-05	0.000812422718102966	-23.2911847463134
OX371324.1	274367938	274367938	-	6.3609052953292e-06	0.000504797629726644	-30.1053346924907
OX371324.1	274749342	274749342	-	0.000191046839256247	0.00681006738654798	-22.1290092720526
OX371324.1	283508190	283508190	-	2.09099624788409e-11	8.49773678295544e-09	40.4896009807344
OX371324.1	286621125	286621125	+	6.91093305817435e-06	0.000531530215181867	-23.8065374571541
OX371324.1	287711319	287711319	+	0.00327064619286197	0.0472623036956071	-11.280868385346
OX371324.1	300613123	300613123	-	0.00028701804097148	0.00894705933973935	-14.894937666433
OX371324.1	330668963	330668963	+	0.00327410586455199	0.0472915373894864	-18.3675450762829
OX371324.1	335778981	335778981	+	0.00118904498796938	0.0239248942791206	-25.4335529225541
OX371324.1	337763984	337763984	+	0.00107058901981622	0.0222626526359295	-24.3826008258386
OX371324.1	337763998	337763998	+	0.000404913524938905	0.0115803583791192	33.6273854628721
OX371324.1	343019287	343019287	+	0.00010861969185904	0.00454905366747982	-16.7674790962462
OX371324.1	345527035	345527035	+	0.000965499705740429	0.0208022201123847	12.2202916864108
OX371324.1	353678233	353678233	-	0.00165280448383208	0.0302384533776912	-16.6471104570861
OX371324.1	354806343	354806343	+	6.60492003806436e-12	2.86080997907067e-09	-32.7418837666951
OX371324.1	368929917	368929917	+	0.0011453330404474	0.0233059990939037	-14.0352898258549
OX371324.1	368930080	368930080	+	0.00110201244841745	0.0227009883318349	-12.1875
OX371324.1	372042929	372042929	-	0.00202227402460306	0.0340619300514322	-10.3659675837265
OX371324.1	372043016	372043016	-	0.000594356630561651	0.0151666451055681	21.2759581453685
OX371324.1	373569934	373569934	-	0.00179036669984248	0.0316177618237984	-24.0097144532967
OX371324.1	378244939	378244939	-	0.00062982198806575	0.0157422600950703	-28.8268787787089
OX371324.1	400675845	400675845	+	9.89234140213382e-05	0.00424006892379071	-13.8428412162901
OX371324.1	405563323	405563323	-	2.53006821963714e-05	0.00152257938444152	14.9033816425121
OX371324.1	405569113	405569113	+	0.00139360520378069	0.0268903077490596	-20.9978896593307
OX371324.1	405569258	405569258	+	3.39228859037043e-06	0.000339415705180272	-25.7607178464606
OX371324.1	409836896	409836896	+	0.00299255887198461	0.0444537074379053	-20.4912510467891
OX371324.1	415372740	415372740	-	0.00159496081847556	0.0295127113834527	-17.6223499337286
OX371324.1	420106457	420106457	-	3.52056990340643e-11	1.36341819783622e-08	36.552338326635
OX371324.1	420798036	420798036	-	0.000267049158267889	0.00848852604267191	-14.186321650693
OX371324.1	420798078	420798078	-	6.47609822509359e-06	0.000510002359701517	-29.0313956153082
OX371324.1	426975901	426975901	+	0.00339531219355676	0.0485469798602143	-16.8287185910836
OX371324.1	435969078	435969078	+	0.000296707522804401	0.00917528463622082	18.5244419100908
OX371324.1	443288938	443288938	+	0.000277243397606243	0.00873333183508384	-16.581342993309
OX371324.1	455165918	455165918	+	1.83855143674173e-06	0.000210876860799247	-24.0886168472496
OX371324.1	460265286	460265286	-	5.72743339289695e-06	0.000471825364178644	-32.1709633649932
OX371324.1	460463954	460463954	+	0.000762023354392775	0.0177024538788769	-30.2886226093651
OX371325.1	8397526	8397526	-	0.00243038391850005	0.0384655644407825	13.0372936463393
OX371325.1	8397573	8397573	-	1.81052536990772e-05	0.00118960266635216	-12.0376461781019
OX371325.1	8397748	8397748	-	0.00312175441730695	0.0457534685233237	-13.8942717618789
OX371325.1	24560168	24560168	+	2.77053953297249e-11	1.09880670083569e-08	-38.553619793721
OX371325.1	24560277	24560277	+	3.22101033665815e-12	1.47723413576953e-09	-19.2362648578203
OX371325.1	24769969	24769969	+	6.31169773361038e-09	1.62319711757232e-06	-16.5895498937273
OX371325.1	52632782	52632782	+	3.106836437668e-09	8.38288675749099e-07	-19.0344688882701
OX371325.1	52632785	52632785	+	0.000238940088719924	0.0078424599270959	-10.0867228688587
OX371325.1	76707822	76707822	-	7.93321322150429e-14	4.83604582272372e-11	-43.0730548829514
OX371325.1	138161100	138161100	+	9.97645361035721e-06	0.0007233614740371	13.7269707037149
OX371325.1	138161108	138161108	+	1.54896955944742e-11	6.45432502680711e-09	36.4285343440112
OX371325.1	138161120	138161120	+	1.34760998164684e-05	0.000924183098385733	-22.8890362511052
OX371325.1	148084033	148084033	-	2.0511007484902e-05	0.00131103656421501	-17.0722272137366
OX371325.1	158276743	158276743	+	0.000153763162384152	0.00580458075380803	-13.4204987544731
OX371325.1	201423263	201423263	-	0.000580536199634878	0.0149181584602694	-24.0213234853512
OX371325.1	201423324	201423324	-	1.37290997664311e-08	3.15376964737952e-06	-10.1767827566392
OX371325.1	201997648	201997648	-	0.00347068089862923	0.0492661899567361	16.55076743762
OX371325.1	201997791	201997791	-	0.00184425111690111	0.0321894389245708	-10.1938711694809
OX371325.1	208200046	208200046	-	0.00178551680441709	0.0315770623999395	-11.7967914438503
OX371325.1	217911739	217911739	+	1.11650318399491e-19	1.93437827076126e-16	-27.2912787938524
OX371325.1	221568495	221568495	-	0.000201489301546384	0.00701125713662739	-10.4611571148398
OX371325.1	235501154	235501154	-	0.000136984324871485	0.00530461782940015	-25.0567033692111
OX371325.1	307776858	307776858	-	0.00274526553844823	0.0416658447527505	-11.9406538909963
OX371325.1	312355167	312355167	-	0.000723787098214974	0.0171757485063569	-13.4951336149236
OX371325.1	356415846	356415846	+	0.000259049757048143	0.00832582432648923	-12.823275862069
OX371326.1	2696549	2696549	+	2.04821668507049e-06	0.000227781909148106	-15.5273892773893
OX371326.1	7526218	7526218	+	3.3838333518517e-05	0.00189437817071212	-15.8415505238317
OX371326.1	16974004	16974004	+	0.00289241654578729	0.0433376961539239	-11.6065573770492
OX371326.1	35547224	35547224	-	5.12072978536355e-07	7.26572430039296e-05	-61.1187338808776
OX371326.1	35547225	35547225	-	0.000169165849021691	0.00622888358282711	-26.9760293794783
OX371326.1	35547339	35547339	-	0.00129926029550342	0.0255783961446935	14.614907868704
OX371326.1	35884435	35884435	-	0.00095509035533755	0.0206893988320193	15.6350406350406
OX371326.1	42240208	42240208	-	0.000195130653795059	0.00690289032393973	-15.7726452956716
OX371326.1	43417183	43417183	+	0.00160106186443113	0.0295923349362429	-16.9630219391366
OX371326.1	47243572	47243572	+	0.00243286379103009	0.0384655644407825	-16.6980343569624
OX371326.1	48630810	48630810	-	0.00074274665783171	0.0174268171863166	10.030959752322
OX371326.1	48631099	48631099	-	7.41464105888861e-06	0.000563686034921169	12.531017369727
OX371326.1	51083041	51083041	+	7.47554484216943e-05	0.00340360845423487	-20.1003086419753
OX371326.1	52048435	52048435	+	0.000433376067227691	0.0121308893804707	11.4604462474645
OX371326.1	52950318	52950318	-	0.00021190985529741	0.00724369086471776	-20.9545453940637
OX371326.1	53373026	53373026	-	0.00184787435992585	0.0322038691760961	-18.7886728814941
OX371326.1	53373032	53373032	-	0.000268795845252976	0.00851612532757657	-16.9210063047572
OX371326.1	63636372	63636372	+	0.000301114698063866	0.00925502346369526	-15.7827592210542
OX371326.1	78281432	78281432	-	0.00140047360318131	0.0269778968550445	14.7765651970674
OX371326.1	83366519	83366519	-	0.000874342891692969	0.0194077716046566	-16.7212014430741
OX371326.1	85137450	85137450	-	0.000304773412936256	0.00935873894521227	-18.0900456330256
OX371326.1	87514159	87514159	-	0.000927219751934582	0.0202268602945365	-18.6074902532194
OX371326.1	106836176	106836176	-	2.80454550572474e-06	0.000291231447641504	-18.0427914379231
OX371326.1	132687340	132687340	+	5.46816530934213e-05	0.00271905934230877	23.2125862837455
OX371326.1	132687575	132687575	+	1.58829769896274e-06	0.000189433971649959	-36.5341455137583
OX371326.1	132687576	132687576	+	5.53374430504281e-64	9.10802328951423e-60	-89.8004302611328
OX371326.1	132751041	132751041	-	0.000219091945550949	0.00739391180804864	-10.2470102656366
OX371326.1	166403051	166403051	-	1.95847870921528e-08	4.13265638085303e-06	84.6383581575219
OX371326.1	167428780	167428780	+	0.00307788256339034	0.0453730905948758	-12.5156470825762
OX371326.1	168263317	168263317	-	7.20968098160142e-06	0.000550647685505988	-21.1234894324405
OX371326.1	169741285	169741285	+	0.000166506075048304	0.00616542987738427	21.6445439673464
OX371326.1	176490756	176490756	-	6.21000904768107e-16	6.19460092605864e-13	88.7892376681614
OX371326.1	179122354	179122354	-	0.0023982850155694	0.0382050035450321	-22.2545529187083
OX371326.1	186866181	186866181	-	0.00275588881980595	0.041748128033825	-24.8743427605216
OX371326.1	187151562	187151562	+	0.00355036687584203	0.0499033481263256	-28.5201149425287
OX371326.1	188316360	188316360	-	0.000497958828146427	0.0133158968834849	-25.2063983488132
OX371326.1	203668156	203668156	-	1.40785664889943e-27	4.21309052888749e-24	94.4323123552778
OX371326.1	223566095	223566095	+	8.22643230345903e-12	3.47177815010992e-09	-10.3954790768313
OX371326.1	223566210	223566210	+	1.7263458577743e-54	1.42070155500644e-50	90.5502052872019
OX371326.1	223566392	223566392	+	2.5511668876768e-06	0.000270902002712564	-10.7772020725389
OX371326.1	228076149	228076149	+	1.51142297709707e-08	3.36170302451801e-06	-20.6706636344842
OX371326.1	230580381	230580381	-	0.00033419069118919	0.0100096810684582	-28.553001191038
OX371326.1	231920051	231920051	+	6.34077999125605e-11	2.34524229586022e-08	70.6401630988787
OX371326.1	231920288	231920288	+	6.94906377288433e-16	6.72794481136962e-13	81.1819707897485
OX371326.1	231920335	231920335	+	2.31332275126788e-09	6.45341006177913e-07	13.2321041214751
OX371326.1	242245801	242245801	+	1.34672335888266e-14	9.43225590784991e-12	68.3773398720172
OX371326.1	252394597	252394597	+	0.00112238951324893	0.0230342606261483	-43.2095893537457
OX371326.1	252394614	252394614	+	0.00116944087252742	0.0236315508853692	11.2930471024642
OX371326.1	252394662	252394662	+	7.92713035319276e-05	0.00355512585600388	13.3282653277703
OX371326.1	252394862	252394862	+	5.08659782984941e-07	7.26572430039296e-05	38.8548885675824
OX371326.1	261439079	261439079	-	1.376187577188e-43	7.55025157941499e-40	-81.1478367873349
OX371326.1	277142685	277142685	-	0.0021985353941006	0.0360057983045484	12.9222036351334
OX371326.1	283039877	283039877	+	0.00137861311310656	0.0267357481573873	-29.3378942820107
OX371326.1	283039923	283039923	+	0.00073276771603418	0.0172788943386407	28.7795971530911
OX371326.1	283039943	283039943	+	0.00150352880982806	0.0282335103296273	22.6845494217095
OX371326.1	283039944	283039944	+	1.38230127955645e-13	7.58379351201825e-11	88.2854950525968
OX371326.1	302181084	302181084	-	7.54250038484782e-05	0.0034151986507688	-18.738960178324
OX371326.1	304858745	304858745	+	0.000492513335706512	0.0132132140858787	-14.0433855219018
OX371326.1	306122963	306122963	-	0.000127854857387819	0.00504040921323436	-27.8987559340551
OX371326.1	326821330	326821330	-	8.60918456884592e-10	2.67356774693202e-07	26.0947315096251
OX371326.1	326821381	326821381	-	0.00244488174423361	0.0385999585640212	-23.11920787534
OX371326.1	326821422	326821422	-	8.25674722162442e-08	1.51841679250993e-05	22.6549394749966
OX371326.1	326968273	326968273	-	0.00298395549736536	0.0443846120614568	10.2734705675882
OX371326.1	326968314	326968314	-	9.98090927576166e-19	1.42849035368134e-15	40.2019672131148
OX371326.1	326968464	326968464	-	0.00268542266535344	0.0411541288658669	-13.4520366851194
OX371326.1	332627011	332627011	+	4.66150495744742e-41	2.19211407457369e-37	69.8870494108278
OX371326.1	333006536	333006536	+	2.27791005802142e-05	0.00140683901313807	-13.13460840092
OX371326.1	352894351	352894351	+	5.57014878854614e-11	2.10757279299899e-08	-50.9670058383902
OX371326.1	352894514	352894514	+	5.41282258128709e-06	0.000453257327659715	-17.4242424242424
OX371326.1	359563253	359563253	+	0.000489666573018088	0.0131475559576945	-12.2941235498663
OX371326.1	359563386	359563386	+	5.41267725683024e-07	7.64700283358067e-05	37.7263728670058
OX371326.1	365635006	365635006	-	1.40536791346749e-08	3.19048767745854e-06	88.1888533005726
OX371326.1	365635007	365635007	-	1.10469713783403e-06	0.000138268267246783	17.7952755905512
OX371326.1	366009655	366009655	-	1.03185567329253e-20	2.12292188292864e-17	90.0778331257783
OX371326.1	374862902	374862902	+	2.03616124373433e-19	3.35133013143351e-16	-12.000728453055
OX371326.1	377636961	377636961	+	6.53710720612591e-07	8.9662203078285e-05	-12.884642919643
OX371326.1	379554823	379554823	+	0.000102294010579755	0.00434072545338916	-17.2334682860999
OX371326.1	379554980	379554980	+	0.00176082645504054	0.0313144779473443	-11.6711302881516
OX371326.1	379554983	379554983	+	0.000852627049877384	0.0190763224292004	-17.5113981762918
OX371326.1	393135073	393135073	+	3.70548703932008e-05	0.0020363551170331	-20.5333853530211
OX371326.1	393135116	393135116	+	2.20817184431231e-09	6.2662817610574e-07	-20.5098631108364
OX371326.1	400066229	400066229	+	0.00328803073727817	0.0474718396310979	-11.417277799667
OX371326.1	401771731	401771731	-	0.000298591894971431	0.00920326235171025	-10.7396902702367
OX371326.1	408460551	408460551	-	1.10811492393766e-19	1.93437827076126e-16	-33.8925815825512
OX371326.1	408460582	408460582	-	2.89871730231281e-08	6.07772786733798e-06	-20.2735530207013
OX371326.1	408657995	408657995	-	4.50315143424997e-07	6.55908339598132e-05	28.8204436069164
OX371326.1	419297651	419297651	-	1.46287633277396e-08	3.28602536574317e-06	-39.2460340304448
OX371326.1	453379262	453379262	-	0.00189985954837682	0.0327942633630016	-16.6344294003868
OX371326.1	453379265	453379265	-	0.0017180168749117	0.0309206603241187	-23.0971404541632
OX371326.1	461294525	461294525	+	0.000270507320647318	0.00855388354450967	-15.0078871613723
OX371326.1	470145341	470145341	-	0.000942300754455412	0.0204744359428624	-23.0011636834781
OX371326.1	492302695	492302695	-	7.46977961658747e-05	0.00340360845423487	44.5115268465209
OX371326.1	509647412	509647412	+	0.000139388815294553	0.00536030130546736	-20.5225220961972
OX371326.1	525286123	525286123	+	3.24496856035173e-06	0.000328671595074403	25.1770017261984
OX371326.1	532846567	532846567	-	0.000444938150953909	0.0123599392278463	-10.3554798615766
OX371326.1	535291648	535291648	-	8.38092460410344e-05	0.00370459792685513	-27.9342423856251
OX371326.1	536289578	536289578	+	0.000834308087137091	0.0188366630594182	-18.1875232774674
OX371326.1	540446076	540446076	-	6.27760378971958e-06	0.000502790565624479	-17.6841097373132
OX371326.1	545261490	545261490	+	0.000857187841851395	0.0191172176691198	-31.5020814736333
OX371326.1	545261610	545261610	+	0.000378308910104882	0.0109623402803327	-26.7689264711739
OX371326.1	547926548	547926548	+	0.000531203237332243	0.0139777878135683	-14.5004085877721
OX371326.1	547926550	547926550	+	0.00017406880942972	0.00637376881875101	-14.8422302578974
OX371326.1	547926593	547926593	-	5.37279311351379e-08	1.05905541891196e-05	-39.8909592822636
OX371326.1	547926599	547926599	+	0.00261910021575173	0.040504753401326	-20.7328924601199
OX371326.1	547926600	547926600	+	8.45718330735089e-05	0.00372185274364311	-15.8069883527454
OX371326.1	547926605	547926605	+	0.000463092384525393	0.0126823055292988	-14.9042150260014
OX371326.1	547926638	547926638	-	0.00279484178854733	0.0421829164438802	10.1492214240297
OX371326.1	547926641	547926641	+	0.000174934274500288	0.00638415482500552	-15.2617254135281
OX371326.1	547926744	547926744	+	0.000985709579695443	0.021051874627617	-15.1738853612789
OX371326.1	547926746	547926746	+	0.00200304783879806	0.0338952225094885	-14.1370885921838
OX371326.1	547926775	547926775	+	0.000128130212069823	0.00504309510717815	-15.2898939637894
OX371326.1	547926785	547926785	-	0.00145398526594813	0.0275546708262054	-10.9043624161074
OX371326.1	547926790	547926790	+	0.00012671362075843	0.0050169279777939	-17.302220137586
OX371326.1	547926800	547926800	+	0.00026674021416812	0.00848852604267191	-15.3025294403713
OX371326.1	547926837	547926837	+	0.000135181744745152	0.00526618823572419	-14.9976278238021
OX371326.1	547926838	547926838	+	0.000182347095231853	0.00658893938915516	-16.1599461690347
OX371326.1	558903952	558903952	-	0.00122642693897299	0.0245271389033558	-12.7461935493679
OX371326.1	573947902	573947902	-	3.73150860203392e-08	7.58236126332256e-06	54.7099423306432
OX371327.1	29907118	29907118	-	0.00297139909694122	0.0442683875268375	-14.9760817569037
OX371327.1	36423423	36423423	-	1.16838275615194e-06	0.000145072953122957	-46.4044023506771
OX371327.1	36423441	36423441	-	0.000862512947605305	0.0191969612956696	-24.9659863945578
OX371327.1	36423486	36423486	-	0.00019839582958006	0.00697736962189717	-34.4975419037665
OX371327.1	53791130	53791130	+	0.000752842857166371	0.0175635523925459	-31.2772203539335
OX371327.1	53791286	53791286	+	0.000840224139593542	0.0189228483650082	-16.5277997677855
OX371327.1	110691246	110691246	+	0.00316303471531547	0.0461883766245702	-18.8513452305462
OX371327.1	399195881	399195881	-	0.000433339267785922	0.0121308893804707	-13.7793851717902
OX371327.1	412990479	412990479	+	0.00298102284775159	0.0443824836899094	12.2720717517138
OX371327.1	412990625	412990625	+	3.34747945513794e-05	0.00188042208974942	12.0256963875952
OX371327.1	412990632	412990632	+	2.13130380158717e-35	7.79539076450015e-32	-68.9063558682906
OX371327.1	430615276	430615276	-	0.00178315482020918	0.0315581217804431	-18.7150667757831
OX371327.1	431545278	431545278	+	0.000167638227686154	0.00619341806819078	-12.040651500875
OX371327.1	466431248	466431248	+	0.00236946188166352	0.0378264953579537	-24.1169356958831
OX371327.1	466431313	466431313	+	0.00241055012165196	0.0383467263333963	-11.4264321451448
OX371327.1	492316862	492316862	-	0.000311295409473355	0.00951463326074356	-10.2841492639507
OX371327.1	492316910	492316910	-	0.000122145575150288	0.00491184808265802	-13.9716463252145
OX371327.1	513270367	513270367	-	0.000910305899940799	0.0199239095441225	-24.166534903945
