Sample	Sequences	Unique	Mapping(%)	NoAlign	NonUnique	Discard	CT_CT	CT_GA	GA_CT	GA_GA	TotalC	mCpG	mCHG	mCHH	mUnknown	uCpG	uCHG	uCHH	uUnknown	pCpG(%)	pCHG(%)	pCHH(%)	pUnknown(%)
PL12	4040567	1279094	31.7	1934659	826814	be	6113	1215563	55876	1542	24101821	8723005	4180609	4096951	6131	1087942	1506154	4507160	6750	88.9	73.5	47.6	47.6
PL3	7411393	1694317	22.9	4886243	830833	be	22059	1586318	84259	1681	37469234	11292472	5637522	5927999	6559	1758419	2557349	10295473	21210	86.5	68.8	36.5	23.6
PL30	13489665	3472195	25.7	7900902	2116568	be	35818	3271972	160535	3870	70109963	24253455	11495212	11752800	15266	3408853	4424169	14775474	18945	87.7	72.2	44.3	44.6
PL14	3842019	1107240	28.8	2055567	679212	be	4284	1055981	46396	579	21172532	7967070	3744328	3569518	5176	866706	1354375	3670535	6483	90.2	73.4	49.3	44.4
PL55	7636005	2796922	36.6	3295066	1544017	be	7307	2623265	164385	1965	48684967	15356023	7905264	10828778	16105	2578021	2990981	9025900	13231	85.6	72.6	54.5	54.9
PL11	4301233	1328395	30.9	2131256	841582	be	3952	1272001	51458	984	25819640	9518304	4682197	4118119	5590	1129338	1666960	4704722	6000	89.4	73.7	46.7	48.2
PL8	7767974	2649254	34.1	3903942	1214778	be	9126	2408086	229750	2292	46159775	12221757	6420899	13502245	18861	2557888	2738810	8718176	9372	82.7	70.1	60.8	66.8
PL23	10619734	3552949	33.5	5107684	1959101	be	18879	3362127	169753	2190	67436880	22761007	10193059	12126525	17696	3555546	4327500	14473243	18804	86.5	70.2	45.6	48.5
PL15	3064714	1006865	32.9	1208987	848862	be	2834	914026	44858	45147	18822291	5851156	3204668	6084689	3765	619484	786352	2275942	3226	90.4	80.3	72.8	53.9
PL7	1583651	457757	28.9	843665	282229	be	2679	432480	22002	596	8618431	3140512	1508559	1568624	1764	327009	532735	1540992	2137	90.6	73.9	50.4	45.2
PL42	4544943	1666551	36.7	2001289	877103	be	5899	1569580	89850	1222	29016936	9751247	4601261	6063360	9826	1525007	1794723	5281338	8760	86.5	71.9	53.4	52.9
PL57	3962345	1132790	28.6	2281360	548195	be	2721	1051586	77638	845	18533673	5508578	2689661	4917116	6049	921906	1049377	3447035	4507	85.7	71.9	58.8	57.3
PL26	8452803	1742730	20.6	5677039	1033034	be	29926	1630181	78683	3940	38666801	12906213	6292534	5855816	6408	1893392	2435225	9283621	12362	87.2	72.1	38.7	34.1
PL58	4756567	1513987	31.8	2424920	817660	be	4013	1431884	76297	1793	27848083	9203154	4713664	5427857	6724	1293158	1690998	5519252	6880	87.7	73.6	49.6	49.4
PL28	10457683	2757324	26.4	6252749	1447610	be	31820	2557356	164164	3984	57396840	18566623	8833441	11450774	12644	2717458	3495700	12332844	16591	87.2	71.6	48.1	43.2
PL43	4301311	1252590	29.1	2348143	700578	be	2771	1178548	70123	1148	21794490	6889689	3568593	4855949	7168	1142451	1305215	4032593	5976	85.8	73.2	54.6	54.5
PL46	8169539	2880334	35.3	3354009	1935196	be	8044	2588829	167466	115995	47574323	14900090	8288367	14595683	10910	1560422	2071489	6158272	9554	90.5	80.0	70.3	53.3
PL24	5534912	1150722	20.8	3740775	643415	be	21825	1024381	84901	19615	28664404	8794159	4801653	10479084	6977	824474	968280	2796754	5378	91.4	83.2	78.9	56.5
PL50	6980298	594903	8.5	5914368	471027	be	30032	402477	99722	62672	21061795	6365522	3584141	8713514	1674	582242	470110	1346266	2722	91.6	88.4	86.6	38.1
PL41	5569440	1948257	35.0	2537601	1083582	be	4737	1844078	98240	1202	35293887	12240228	5671779	6594904	12046	1979155	2313454	6494367	10886	86.1	71.0	50.4	52.5
PL2	4923175	1686191	34.3	2284127	952857	be	6447	1587694	90976	1074	30189664	10416637	5087097	6146059	7859	1270280	1828266	5441325	7433	89.1	73.6	53.0	51.4
PL22	9393588	2956092	31.5	4599624	1837872	be	9396	2820199	124740	1757	56663079	21307475	9768783	9295528	12540	2450883	3521103	10319307	12253	89.7	73.5	47.4	50.6
PL17	5166346	1772513	34.3	2299159	1094674	be	4650	1683519	83213	1131	32587270	11786030	5483599	6330581	7587	1382480	1963893	5640687	6152	89.5	73.6	52.9	55.2
PL6	2074628	683579	32.9	1063514	327535	be	1420	636658	44990	511	11141038	3200155	1626802	2923117	3448	602150	679513	2109301	2519	84.2	70.5	58.1	57.8
PL31	14258538	4790309	33.6	6751837	2716392	be	18167	4572038	196905	3199	91795805	34994258	16357207	14821325	19538	3435016	6040306	16147693	27248	91.1	73.0	47.9	41.8
PL19	7160795	2001154	27.9	3998978	1160663	be	6359	1889647	103427	1721	38953452	13767586	6688547	7083672	8459	1792627	2594166	7026854	9766	88.5	72.1	50.2	46.4
PL54	14336815	2474917	17.3	10245010	1616888	be	45736	1910861	343196	175124	72837798	24320428	13310685	26801024	8368	2211585	1988770	4205306	7881	91.7	87.0	86.4	51.5
PL47	8337142	2902193	34.8	3828121	1606828	be	10907	2742598	146727	1961	52571530	18117857	8950502	10432505	13536	2350957	3271184	9448525	12074	88.5	73.2	52.5	52.9
PL48	747564	207860	27.8	436046	103658	be	487	190368	16842	163	3569989	1054839	487219	1075370	1195	124847	175944	651770	836	89.4	73.5	62.3	58.8
PL40	6998237	2674336	38.2	2946095	1377806	be	6981	2514056	151823	1476	45588976	15075690	7085604	10188222	14788	2392077	2794509	8052874	12462	86.3	71.7	55.9	54.3
PL52	4335793	1388797	32.0	2000740	946256	be	4348	1330507	53110	832	26679255	9908084	4657976	4022439	7225	1410134	1751636	4928986	8445	87.5	72.7	44.9	46.1
PL34	2853380	867931	30.4	1344932	640517	be	2926	835045	29430	530	16892803	6475338	3013469	2316552	4252	925776	1099378	3062290	5744	87.5	73.3	43.1	42.5
PL16	10437888	2816960	27.0	6046823	1574105	be	22398	2654084	138304	2174	59085413	20132398	9300755	10273067	13956	2817576	3792962	12768655	25310	87.7	71.0	44.6	35.5
PL1	3890778	1269188	32.6	1867161	754429	be	3290	1200080	64871	947	22776954	7956668	3822598	4552647	7327	1038069	1380983	4025989	6381	88.5	73.5	53.1	53.5
PL33	2072703	792655	38.2	905104	374944	be	2066	734045	55931	613	12483356	3310331	1929930	3461685	2081	568083	677292	2536035	2526	85.4	74.0	57.7	45.2
PL39	3535376	1208691	34.2	1672534	654151	be	3581	1140796	63284	1030	21597690	7263414	3648467	4238426	6393	1042463	1375494	4029426	6526	87.4	72.6	51.3	49.5
PL37	5629075	1908938	33.9	2679225	1040912	be	5056	1796608	105860	1414	33578448	10609883	5612902	6937762	10521	1870671	2102223	6445007	9429	85.0	72.8	51.8	52.7
PL49	3532617	1206593	34.2	1780521	545503	be	3529	1129058	72824	1182	20332073	6334879	3321882	4880367	4765	911694	1232489	3650762	5157	87.4	72.9	57.2	48.0
PL32	11515548	3590299	31.2	6399904	1525345	be	21322	3269697	268618	30662	70116123	20423179	11025782	23577006	22200	2616997	3142985	9330174	16403	88.6	77.8	71.6	57.5
PL25	8811449	3702911	42.0	3478897	1629641	be	8876	3458359	232349	3327	59693038	18048652	8978923	14618726	18521	3082326	3525823	11438588	15059	85.4	71.8	56.1	55.2
